Data stamp = , 27-04-2022 17:21:38 506

Calibration Values: 
Slope = , 26.54 , g/V 
Offset Voltage at no contact = , -0.501760 , V 

No , Time , Stage Position ,   Mass , Force 
   ,  (s) ,      (mm)      ,   (g)  , (mN)  

1 ,0.0000 ,0.74936 ,5.26087 ,51.61969 
2 ,0.2653 ,0.74953 ,5.25745 ,51.58611 
3 ,0.6978 ,0.75098 ,5.27114 ,51.72043 
4 ,0.9054 ,0.75319 ,5.24718 ,51.48538 
5 ,1.0977 ,0.75507 ,5.27114 ,51.72043 
6 ,1.2899 ,0.75704 ,5.27114 ,51.72043 
7 ,1.4820 ,0.75889 ,5.27114 ,51.72043 
8 ,1.6902 ,0.76096 ,5.26087 ,51.61969 
9 ,1.8822 ,0.76294 ,5.23692 ,51.38464 
10 ,2.0742 ,0.76478 ,5.24718 ,51.48538 
11 ,2.2823 ,0.76692 ,5.21981 ,51.21675 
12 ,2.4906 ,0.76908 ,5.21639 ,51.18317 
13 ,2.6824 ,0.77099 ,5.19927 ,51.01528 
14 ,2.8744 ,0.77275 ,5.17874 ,50.81381 
15 ,3.0502 ,0.77471 ,5.12741 ,50.31014 
16 ,3.2423 ,0.77648 ,5.11714 ,50.20940 
17 ,3.4667 ,0.77858 ,5.11714 ,50.20940 
18 ,3.6591 ,0.78075 ,5.09661 ,50.00793 
19 ,3.8507 ,0.78259 ,5.05212 ,49.57142 
20 ,4.0593 ,0.78456 ,5.04528 ,49.50426 
21 ,4.2511 ,0.78672 ,4.99737 ,49.03416 
22 ,4.4434 ,0.78852 ,4.99737 ,49.03416 
23 ,4.6353 ,0.79045 ,5.00421 ,49.10132 
24 ,4.8276 ,0.79236 ,4.96657 ,48.73196 
25 ,5.0192 ,0.79431 ,4.94261 ,48.49691 
26 ,5.1953 ,0.79603 ,4.94603 ,48.53049 
27 ,5.3876 ,0.79800 ,4.90839 ,48.16113 
28 ,5.5800 ,0.79995 ,4.91181 ,48.19471 
29 ,5.8200 ,0.80224 ,4.86390 ,47.72461 
30 ,6.0280 ,0.80432 ,4.83995 ,47.48956 
31 ,6.2202 ,0.80623 ,4.84679 ,47.55672 
32 ,6.4121 ,0.80835 ,4.81599 ,47.25451 
33 ,6.6041 ,0.81012 ,4.77835 ,46.88515 
34 ,6.8123 ,0.81215 ,4.78177 ,46.91873 
35 ,7.0045 ,0.81421 ,4.75097 ,46.61653 
36 ,7.1966 ,0.81614 ,4.75097 ,46.61653 
37 ,7.3883 ,0.81794 ,4.69964 ,46.11285 
38 ,7.5807 ,0.81988 ,4.70306 ,46.14643 
39 ,7.7567 ,0.82167 ,4.70306 ,46.14643 
40 ,7.9489 ,0.82350 ,4.65515 ,45.67633 
41 ,8.1410 ,0.82552 ,4.64146 ,45.54202 
42 ,8.3490 ,0.82754 ,4.62435 ,45.37413 
43 ,8.5250 ,0.82941 ,4.61408 ,45.27339 
44 ,8.7012 ,0.83120 ,4.60382 ,45.17266 
45 ,8.8933 ,0.83296 ,4.59013 ,45.03835 
46 ,9.0694 ,0.83483 ,4.56960 ,44.83688 
47 ,9.2616 ,0.83671 ,4.55249 ,44.66898 
48 ,9.4537 ,0.83860 ,4.53195 ,44.46751 
49 ,9.6618 ,0.84065 ,4.50457 ,44.19889 
50 ,9.8538 ,0.84267 ,4.50457 ,44.19889 
51 ,10.0458 ,0.84454 ,4.45666 ,43.72879 
52 ,10.2218 ,0.84646 ,4.45324 ,43.69521 
53 ,10.3819 ,0.84806 ,4.44982 ,43.66163 
54 ,10.5576 ,0.84971 ,4.42929 ,43.46016 
55 ,10.7336 ,0.85152 ,4.41218 ,43.29227 
56 ,10.9420 ,0.85343 ,4.39507 ,43.12438 
57 ,11.1340 ,0.85544 ,4.38480 ,43.02365 
58 ,11.3263 ,0.85731 ,4.34373 ,42.62071 
59 ,11.5504 ,0.85954 ,4.33004 ,42.48639 
60 ,11.7584 ,0.86156 ,4.30609 ,42.25135 
61 ,11.9665 ,0.86375 ,4.28213 ,42.01630 
62 ,12.1427 ,0.86561 ,4.28898 ,42.08345 
63 ,12.3187 ,0.86732 ,4.27529 ,41.94914 
64 ,12.5109 ,0.86918 ,4.23765 ,41.57978 
65 ,12.7028 ,0.87111 ,4.22396 ,41.44547 
66 ,12.9109 ,0.87316 ,4.20342 ,41.24400 
67 ,13.1029 ,0.87507 ,4.18974 ,41.10968 
68 ,13.2789 ,0.87691 ,4.17262 ,40.94179 
69 ,13.4870 ,0.87883 ,4.16236 ,40.84106 
70 ,13.6794 ,0.88090 ,4.13840 ,40.60601 
71 ,13.8714 ,0.88277 ,4.12471 ,40.47170 
72 ,14.0475 ,0.88453 ,4.09049 ,40.13591 
73 ,14.2396 ,0.88647 ,4.08365 ,40.06876 
74 ,14.4316 ,0.88841 ,4.06654 ,39.90087 
75 ,14.6077 ,0.89016 ,4.03232 ,39.56508 
76 ,14.8158 ,0.89224 ,4.04258 ,39.66582 
77 ,15.0078 ,0.89412 ,4.00836 ,39.33003 
78 ,15.2000 ,0.89608 ,3.99467 ,39.19572 
79 ,15.3920 ,0.89799 ,3.97414 ,38.99425 
80 ,15.6001 ,0.90000 ,3.97072 ,38.96067 
81 ,15.7761 ,0.90185 ,3.95361 ,38.79278 
82 ,15.9839 ,0.90387 ,3.92623 ,38.52415 
83 ,16.1762 ,0.90578 ,3.92281 ,38.49058 
84 ,16.3844 ,0.90785 ,3.89201 ,38.18837 
85 ,16.5763 ,0.90976 ,3.89543 ,38.22195 
86 ,16.7685 ,0.91169 ,3.84410 ,37.71828 
87 ,16.9607 ,0.91367 ,3.85779 ,37.85259 
88 ,17.1367 ,0.91551 ,3.82356 ,37.51681 
89 ,17.3287 ,0.91731 ,3.79961 ,37.28176 
90 ,17.5209 ,0.91918 ,3.77223 ,37.01313 
91 ,17.7128 ,0.92113 ,3.77223 ,37.01313 
92 ,17.8891 ,0.92300 ,3.74828 ,36.77808 
93 ,18.0811 ,0.92486 ,3.73117 ,36.61019 
94 ,18.2893 ,0.92687 ,3.71063 ,36.40872 
95 ,18.4971 ,0.92908 ,3.70379 ,36.34157 
96 ,18.6893 ,0.93094 ,3.67299 ,36.03936 
97 ,18.8813 ,0.93285 ,3.65930 ,35.90505 
98 ,19.0737 ,0.93477 ,3.65930 ,35.90505 
99 ,19.2657 ,0.93667 ,3.60797 ,35.40137 
100 ,19.4578 ,0.93856 ,3.61481 ,35.46853 
101 ,19.6498 ,0.94055 ,3.58059 ,35.13275 
102 ,19.8419 ,0.94246 ,3.57375 ,35.06559 
103 ,20.0498 ,0.94453 ,3.54637 ,34.79696 
104 ,20.2420 ,0.94643 ,3.54295 ,34.76338 
105 ,20.4341 ,0.94833 ,3.52926 ,34.62907 
106 ,20.6416 ,0.95044 ,3.49846 ,34.32687 
107 ,20.8339 ,0.95240 ,3.49846 ,34.32687 
108 ,21.0264 ,0.95435 ,3.46766 ,34.02466 
109 ,21.2182 ,0.95620 ,3.45397 ,33.89035 
110 ,21.4101 ,0.95812 ,3.44028 ,33.75604 
111 ,21.6022 ,0.96000 ,3.39921 ,33.35310 
112 ,21.7944 ,0.96191 ,3.39579 ,33.31952 
113 ,21.9865 ,0.96390 ,3.37868 ,33.15163 
114 ,22.1948 ,0.96598 ,3.36499 ,33.01731 
115 ,22.3867 ,0.96790 ,3.33762 ,32.74869 
116 ,22.5788 ,0.96983 ,3.32735 ,32.64795 
117 ,22.7711 ,0.97178 ,3.31708 ,32.54722 
118 ,22.9793 ,0.97382 ,3.30339 ,32.41290 
119 ,23.1713 ,0.97572 ,3.27259 ,32.11070 
120 ,23.3475 ,0.97751 ,3.25891 ,31.97639 
121 ,23.5230 ,0.97935 ,3.26233 ,32.00996 
122 ,23.7153 ,0.98118 ,3.24522 ,31.84207 
123 ,23.8916 ,0.98298 ,3.20415 ,31.43913 
124 ,24.0997 ,0.98505 ,3.20073 ,31.40555 
125 ,24.2916 ,0.98698 ,3.17335 ,31.13693 
126 ,24.4838 ,0.98885 ,3.15282 ,30.93546 
127 ,24.6757 ,0.99073 ,3.14940 ,30.90188 
128 ,24.8679 ,0.99268 ,3.12202 ,30.63325 
129 ,25.0440 ,0.99455 ,3.12886 ,30.70041 
130 ,25.2202 ,0.99628 ,3.09806 ,30.39821 
131 ,25.4123 ,0.99815 ,3.07411 ,30.16316 
132 ,25.6041 ,1.00001 ,3.05015 ,29.92811 
133 ,25.7964 ,1.00198 ,3.06042 ,30.02884 
134 ,26.0045 ,1.00410 ,3.02620 ,29.69306 
135 ,26.1966 ,1.00599 ,3.02620 ,29.69306 
136 ,26.3887 ,1.00790 ,2.98513 ,29.29012 
137 ,26.5807 ,1.00978 ,2.98855 ,29.32370 
138 ,26.7725 ,1.01173 ,2.96118 ,29.05507 
139 ,26.9809 ,1.01372 ,2.93038 ,28.75287 
140 ,27.1888 ,1.01587 ,2.90300 ,28.48424 
141 ,27.3810 ,1.01778 ,2.91669 ,28.61856 
142 ,27.5893 ,1.01991 ,2.87905 ,28.24919 
143 ,27.7970 ,1.02194 ,2.86878 ,28.14846 
144 ,27.9733 ,1.02374 ,2.86193 ,28.08130 
145 ,28.1653 ,1.02567 ,2.83114 ,27.77910 
146 ,28.3575 ,1.02758 ,2.82429 ,27.71194 
147 ,28.5656 ,1.02957 ,2.80034 ,27.47689 
148 ,28.7577 ,1.03156 ,2.79349 ,27.40974 
149 ,28.9654 ,1.03367 ,2.76611 ,27.14111 
150 ,29.1579 ,1.03561 ,2.74900 ,26.97322 
151 ,29.3658 ,1.03769 ,2.71478 ,26.63744 
152 ,29.5420 ,1.03943 ,2.71136 ,26.60386 
153 ,29.7177 ,1.04119 ,2.70794 ,26.57028 
154 ,29.8941 ,1.04303 ,2.67029 ,26.20092 
155 ,30.0698 ,1.04473 ,2.65660 ,26.06661 
156 ,30.2623 ,1.04660 ,2.66345 ,26.13376 
157 ,30.4542 ,1.04857 ,2.64634 ,25.96587 
158 ,30.6465 ,1.05042 ,2.61212 ,25.63009 
159 ,30.8384 ,1.05234 ,2.61212 ,25.63009 
160 ,31.0146 ,1.05413 ,2.58816 ,25.39504 
161 ,31.1901 ,1.05600 ,2.57789 ,25.29430 
162 ,31.3825 ,1.05785 ,2.55736 ,25.09283 
163 ,31.5908 ,1.05982 ,2.56078 ,25.12641 
164 ,31.8308 ,1.06218 ,2.53341 ,24.85779 
165 ,32.0229 ,1.06423 ,2.49576 ,24.48842 
166 ,32.1987 ,1.06603 ,2.48550 ,24.38769 
167 ,32.3911 ,1.06789 ,2.48207 ,24.35411 
168 ,32.5992 ,1.06990 ,2.46154 ,24.15264 
169 ,32.7911 ,1.07190 ,2.44785 ,24.01833 
170 ,32.9835 ,1.07388 ,2.41705 ,23.71612 
171 ,33.1911 ,1.07589 ,2.39652 ,23.51465 
172 ,33.3676 ,1.07769 ,2.39994 ,23.54823 
173 ,33.5597 ,1.07958 ,2.39652 ,23.51465 
174 ,33.7518 ,1.08148 ,2.35203 ,23.07814 
175 ,33.9438 ,1.08340 ,2.35203 ,23.07814 
176 ,34.1359 ,1.08531 ,2.32808 ,22.84309 
177 ,34.3276 ,1.08735 ,2.30754 ,22.64162 
178 ,34.5201 ,1.08917 ,2.28359 ,22.40657 
179 ,34.7281 ,1.09124 ,2.26648 ,22.23868 
180 ,34.9201 ,1.09312 ,2.27332 ,22.30584 
181 ,35.1282 ,1.09527 ,2.23568 ,21.93647 
182 ,35.3200 ,1.09719 ,2.23226 ,21.90290 
183 ,35.5121 ,1.09906 ,2.21515 ,21.73500 
184 ,35.7045 ,1.10098 ,2.19803 ,21.56711 
185 ,35.8963 ,1.10298 ,2.19461 ,21.53353 
186 ,36.0888 ,1.10480 ,2.14670 ,21.06344 
187 ,36.2805 ,1.10674 ,2.15697 ,21.16417 
188 ,36.4568 ,1.10857 ,2.15697 ,21.16417 
189 ,36.6489 ,1.11047 ,2.11590 ,20.76123 
190 ,36.8567 ,1.11251 ,2.12275 ,20.82839 
191 ,37.0651 ,1.11452 ,2.07484 ,20.35829 
192 ,37.2574 ,1.11650 ,2.08168 ,20.42545 
193 ,37.4489 ,1.11846 ,2.04404 ,20.05609 
194 ,37.6253 ,1.12023 ,2.02693 ,19.88820 
195 ,37.8015 ,1.12200 ,2.04404 ,20.05609 
196 ,37.9777 ,1.12379 ,2.02693 ,19.88820 
197 ,38.1697 ,1.12566 ,1.98928 ,19.51884 
198 ,38.3619 ,1.12759 ,1.99613 ,19.58599 
199 ,38.5538 ,1.12945 ,1.96190 ,19.25021 
200 ,38.7456 ,1.13141 ,1.95164 ,19.14948 
201 ,38.9220 ,1.13328 ,1.95164 ,19.14948 
202 ,39.1140 ,1.13512 ,1.94137 ,19.04874 
203 ,39.2902 ,1.13691 ,1.90715 ,18.71296 
204 ,39.4983 ,1.13891 ,1.90031 ,18.64580 
205 ,39.6904 ,1.14089 ,1.88662 ,18.51149 
206 ,39.8823 ,1.14284 ,1.85582 ,18.20928 
207 ,40.0904 ,1.14485 ,1.84897 ,18.14213 
208 ,40.2665 ,1.14664 ,1.84555 ,18.10855 
209 ,40.4427 ,1.14844 ,1.83528 ,18.00781 
210 ,40.6347 ,1.15030 ,1.81133 ,17.77276 
211 ,40.8104 ,1.15215 ,1.78053 ,17.47056 
212 ,41.0028 ,1.15398 ,1.78737 ,17.53772 
213 ,41.1949 ,1.15599 ,1.74631 ,17.13478 
214 ,41.3871 ,1.15777 ,1.75657 ,17.23551 
215 ,41.5947 ,1.15988 ,1.75315 ,17.20193 
216 ,41.8033 ,1.16186 ,1.73262 ,17.00046 
217 ,42.0113 ,1.16408 ,1.71893 ,16.86615 
218 ,42.2034 ,1.16599 ,1.71551 ,16.83257 
219 ,42.3955 ,1.16787 ,1.69840 ,16.66468 
220 ,42.5875 ,1.16981 ,1.66760 ,16.36248 
221 ,42.7956 ,1.17190 ,1.66418 ,16.32890 
222 ,42.9873 ,1.17386 ,1.63680 ,16.06027 
223 ,43.1797 ,1.17580 ,1.64707 ,16.16101 
224 ,43.3879 ,1.17775 ,1.60942 ,15.79164 
225 ,43.5799 ,1.17972 ,1.60942 ,15.79164 
226 ,43.7881 ,1.18173 ,1.58204 ,15.52302 
227 ,43.9959 ,1.18387 ,1.56493 ,15.35513 
228 ,44.1881 ,1.18579 ,1.54440 ,15.15366 
229 ,44.3799 ,1.18784 ,1.54440 ,15.15366 
230 ,44.5562 ,1.18951 ,1.54098 ,15.12008 
231 ,44.7483 ,1.19141 ,1.50676 ,14.78430 
232 ,44.9244 ,1.19323 ,1.50333 ,14.75072 
233 ,45.1322 ,1.19524 ,1.47938 ,14.51567 
234 ,45.3245 ,1.19718 ,1.47253 ,14.44851 
235 ,45.5007 ,1.19900 ,1.46911 ,14.41493 
236 ,45.7088 ,1.20103 ,1.43831 ,14.11273 
237 ,45.9008 ,1.20294 ,1.44174 ,14.14631 
238 ,46.0930 ,1.20487 ,1.40751 ,13.81053 
239 ,46.2848 ,1.20686 ,1.42120 ,13.94484 
240 ,46.4610 ,1.20859 ,1.39040 ,13.64263 
241 ,46.6532 ,1.21044 ,1.38356 ,13.57548 
242 ,46.8452 ,1.21238 ,1.36987 ,13.44116 
243 ,47.0374 ,1.21430 ,1.35276 ,13.27327 
244 ,47.2294 ,1.21621 ,1.33223 ,13.07180 
245 ,47.4375 ,1.21834 ,1.32538 ,13.00465 
246 ,47.6293 ,1.22025 ,1.30485 ,12.80318 
247 ,47.8216 ,1.22207 ,1.29458 ,12.70244 
248 ,48.0137 ,1.22416 ,1.28432 ,12.60171 
249 ,48.1898 ,1.22591 ,1.26036 ,12.36666 
250 ,48.3815 ,1.22785 ,1.27747 ,12.53455 
251 ,48.5741 ,1.22965 ,1.25694 ,12.33308 
252 ,48.7820 ,1.23172 ,1.25352 ,12.29950 
253 ,48.9742 ,1.23363 ,1.22272 ,11.99730 
254 ,49.1659 ,1.23564 ,1.22272 ,11.99730 
255 ,49.3424 ,1.23736 ,1.20561 ,11.82941 
256 ,49.5343 ,1.23924 ,1.17138 ,11.49362 
257 ,49.7425 ,1.24130 ,1.17138 ,11.49362 
258 ,49.9183 ,1.24312 ,1.17481 ,11.52720 
259 ,50.0942 ,1.24494 ,1.13716 ,11.15784 
260 ,50.2705 ,1.24674 ,1.13716 ,11.15784 
261 ,50.4627 ,1.24856 ,1.13032 ,11.09068 
262 ,50.6710 ,1.25063 ,1.10636 ,10.85563 
263 ,50.9110 ,1.25292 ,1.10636 ,10.85563 
264 ,51.1190 ,1.25500 ,1.08925 ,10.68774 
265 ,51.3111 ,1.25705 ,1.05845 ,10.38554 
266 ,51.5033 ,1.25896 ,1.05845 ,10.38554 
267 ,51.6953 ,1.26086 ,1.03792 ,10.18407 
268 ,51.8873 ,1.26274 ,1.01739 ,9.98260 
269 ,52.0794 ,1.26469 ,1.01739 ,9.98260 
270 ,52.2875 ,1.26673 ,1.00712 ,9.88186 
271 ,52.4794 ,1.26873 ,1.01054 ,9.91544 
272 ,52.6715 ,1.27064 ,0.97290 ,9.54608 
273 ,52.8639 ,1.27253 ,0.95921 ,9.41177 
274 ,53.0720 ,1.27463 ,0.93525 ,9.17672 
275 ,53.2799 ,1.27657 ,0.92841 ,9.10956 
276 ,53.4880 ,1.27883 ,0.92157 ,9.04241 
277 ,53.6800 ,1.28065 ,0.92841 ,9.10956 
278 ,53.9041 ,1.28288 ,0.88050 ,8.63947 
279 ,54.1124 ,1.28501 ,0.87366 ,8.57231 
280 ,54.3042 ,1.28693 ,0.87708 ,8.60589 
281 ,54.4965 ,1.28890 ,0.85654 ,8.40442 
282 ,54.7043 ,1.29091 ,0.85997 ,8.43800 
283 ,54.8805 ,1.29282 ,0.84286 ,8.27011 
284 ,55.0406 ,1.29446 ,0.83259 ,8.16937 
285 ,55.2327 ,1.29620 ,0.82232 ,8.06864 
286 ,55.4088 ,1.29804 ,0.79837 ,7.83359 
287 ,55.5845 ,1.29979 ,0.79837 ,7.83359 
288 ,55.7769 ,1.30164 ,0.78810 ,7.73285 
289 ,55.9526 ,1.30349 ,0.77099 ,7.56496 
290 ,56.1292 ,1.30523 ,0.75730 ,7.43065 
291 ,56.3372 ,1.30730 ,0.75730 ,7.43065 
292 ,56.5291 ,1.30925 ,0.71624 ,7.02771 
293 ,56.7049 ,1.31106 ,0.73335 ,7.19560 
294 ,56.9135 ,1.31304 ,0.70939 ,6.96055 
295 ,57.1055 ,1.31495 ,0.67859 ,6.65835 
296 ,57.2975 ,1.31689 ,0.69913 ,6.85982 
297 ,57.4895 ,1.31874 ,0.67859 ,6.65835 
298 ,57.6819 ,1.32072 ,0.67517 ,6.62477 
299 ,57.8897 ,1.32272 ,0.65121 ,6.38972 
300 ,58.0815 ,1.32471 ,0.65121 ,6.38972 
301 ,58.2740 ,1.32659 ,0.62384 ,6.12109 
302 ,58.4822 ,1.32871 ,0.62384 ,6.12109 
303 ,58.6739 ,1.33063 ,0.60673 ,5.95320 
304 ,58.8502 ,1.33245 ,0.57935 ,5.68458 
305 ,59.0423 ,1.33426 ,0.59304 ,5.81889 
306 ,59.2184 ,1.33608 ,0.59304 ,5.81889 
307 ,59.4104 ,1.33798 ,0.54855 ,5.38237 
308 ,59.5863 ,1.33979 ,0.54513 ,5.34879 
309 ,59.7626 ,1.34161 ,0.56224 ,5.51668 
310 ,59.9383 ,1.34336 ,0.52117 ,5.11375 
311 ,60.1306 ,1.34516 ,0.51775 ,5.08017 
312 ,60.3229 ,1.34720 ,0.52117 ,5.11375 
313 ,60.5150 ,1.34903 ,0.49380 ,4.84512 
314 ,60.7231 ,1.35101 ,0.48353 ,4.74438 
315 ,60.9306 ,1.35318 ,0.46300 ,4.54291 
316 ,61.1074 ,1.35500 ,0.45615 ,4.47576 
317 ,61.3150 ,1.35698 ,0.45273 ,4.44218 
318 ,61.4915 ,1.35884 ,0.42877 ,4.20713 
319 ,61.6995 ,1.36092 ,0.44588 ,4.37502 
320 ,61.8915 ,1.36277 ,0.41166 ,4.03924 
321 ,62.0836 ,1.36467 ,0.42535 ,4.17355 
322 ,62.2760 ,1.36663 ,0.39797 ,3.90493 
323 ,62.4838 ,1.36870 ,0.38429 ,3.77061 
324 ,62.6920 ,1.37077 ,0.36718 ,3.60272 
325 ,62.8840 ,1.37270 ,0.36375 ,3.56914 
326 ,63.0921 ,1.37480 ,0.34322 ,3.36767 
327 ,63.2837 ,1.37669 ,0.34664 ,3.40125 
328 ,63.4758 ,1.37857 ,0.34322 ,3.36767 
329 ,63.6520 ,1.38051 ,0.30558 ,2.99831 
330 ,63.8441 ,1.38229 ,0.31242 ,3.06547 
331 ,64.0843 ,1.38474 ,0.29531 ,2.89758 
332 ,64.2926 ,1.38676 ,0.27478 ,2.69611 
333 ,64.4844 ,1.38869 ,0.27478 ,2.69611 
334 ,64.6769 ,1.39065 ,0.26451 ,2.59537 
335 ,64.8845 ,1.39272 ,0.24740 ,2.42748 
336 ,65.0609 ,1.39452 ,0.24398 ,2.39390 
337 ,65.2692 ,1.39654 ,0.22002 ,2.15885 
338 ,65.4612 ,1.39845 ,0.23029 ,2.25959 
339 ,65.6532 ,1.40048 ,0.19607 ,1.92381 
340 ,65.8292 ,1.40217 ,0.18922 ,1.85665 
341 ,66.0214 ,1.40405 ,0.18922 ,1.85665 
342 ,66.2135 ,1.40599 ,0.16869 ,1.65518 
343 ,66.4055 ,1.40793 ,0.16185 ,1.58802 
344 ,66.5977 ,1.40978 ,0.16185 ,1.58802 
345 ,66.7895 ,1.41176 ,0.13105 ,1.28582 
346 ,66.9818 ,1.41379 ,0.14816 ,1.45371 
347 ,67.1735 ,1.41562 ,0.11393 ,1.11793 
348 ,67.3502 ,1.41737 ,0.10367 ,1.01719 
349 ,67.5419 ,1.41925 ,0.11051 ,1.08435 
350 ,67.7337 ,1.42116 ,0.08656 ,0.84930 
351 ,67.9260 ,1.42317 ,0.07629 ,0.74857 
352 ,68.1182 ,1.42513 ,0.07971 ,0.78214 
353 ,68.3262 ,1.42708 ,0.06602 ,0.64783 
354 ,68.5342 ,1.42916 ,0.04891 ,0.47994 
355 ,68.7581 ,1.43131 ,0.03865 ,0.37920 
356 ,68.9661 ,1.43340 ,0.01469 ,0.14416 
357 ,69.1427 ,1.43534 ,0.00785 ,0.07700 
358 ,69.3187 ,1.43708 ,0.00443 ,0.04342 
359 ,69.5108 ,1.43894 ,-0.00926 ,-0.09089 
360 ,69.7028 ,1.44084 ,-0.01611 ,-0.15805 
361 ,69.8946 ,1.44276 ,-0.03322 ,-0.32594 
362 ,70.0872 ,1.44470 ,-0.04006 ,-0.39310 
363 ,70.2948 ,1.44673 ,-0.06402 ,-0.62814 
364 ,70.4712 ,1.44858 ,-0.06060 ,-0.59457 
365 ,70.6469 ,1.45036 ,-0.08113 ,-0.79604 
366 ,70.8394 ,1.45215 ,-0.07086 ,-0.69530 
367 ,71.0312 ,1.45425 ,-0.09140 ,-0.89677 
368 ,71.2075 ,1.45592 ,-0.10508 ,-1.03108 
369 ,71.3993 ,1.45779 ,-0.10166 ,-0.99751 
370 ,71.5917 ,1.45973 ,-0.12562 ,-1.23255 
371 ,71.7835 ,1.46164 ,-0.12219 ,-1.19898 
372 ,71.9759 ,1.46353 ,-0.12904 ,-1.26613 
373 ,72.1679 ,1.46551 ,-0.14273 ,-1.40045 
374 ,72.3759 ,1.46754 ,-0.15299 ,-1.50118 
375 ,72.5680 ,1.46952 ,-0.17011 ,-1.66907 
376 ,72.7601 ,1.47145 ,-0.16668 ,-1.63549 
377 ,72.9357 ,1.47327 ,-0.19748 ,-1.93770 
378 ,73.1280 ,1.47508 ,-0.17695 ,-1.73623 
379 ,73.3204 ,1.47707 ,-0.19406 ,-1.90412 
380 ,73.5285 ,1.47910 ,-0.22828 ,-2.23990 
381 ,73.7361 ,1.48118 ,-0.20775 ,-2.03843 
382 ,73.9286 ,1.48305 ,-0.23513 ,-2.30706 
383 ,74.1205 ,1.48506 ,-0.23513 ,-2.30706 
384 ,74.2968 ,1.48682 ,-0.23170 ,-2.27348 
385 ,74.4728 ,1.48863 ,-0.26593 ,-2.60926 
386 ,74.6489 ,1.49035 ,-0.27277 ,-2.67642 
387 ,74.8409 ,1.49217 ,-0.27277 ,-2.67642 
388 ,75.0492 ,1.49432 ,-0.30015 ,-2.94505 
389 ,75.2412 ,1.49624 ,-0.28988 ,-2.84431 
390 ,75.4493 ,1.49828 ,-0.31726 ,-3.11294 
391 ,75.6571 ,1.50035 ,-0.31041 ,-3.04578 
392 ,75.8494 ,1.50230 ,-0.34121 ,-3.34799 
393 ,76.0413 ,1.50423 ,-0.32410 ,-3.18010 
394 ,76.2496 ,1.50628 ,-0.34806 ,-3.41514 
395 ,76.4252 ,1.50812 ,-0.35490 ,-3.48230 
396 ,76.6177 ,1.50997 ,-0.36517 ,-3.58303 
397 ,76.8096 ,1.51188 ,-0.38912 ,-3.81808 
398 ,77.0179 ,1.51386 ,-0.37201 ,-3.65019 
399 ,77.2097 ,1.51587 ,-0.40623 ,-3.98597 
400 ,77.3859 ,1.51771 ,-0.41992 ,-4.12029 
401 ,77.5940 ,1.51978 ,-0.42677 ,-4.18744 
402 ,77.7859 ,1.52167 ,-0.43361 ,-4.25460 
403 ,77.9781 ,1.52355 ,-0.43703 ,-4.28818 
404 ,78.1863 ,1.52562 ,-0.43703 ,-4.28818 
405 ,78.3786 ,1.52761 ,-0.44730 ,-4.38891 
406 ,78.5701 ,1.52947 ,-0.46099 ,-4.52323 
407 ,78.7786 ,1.53150 ,-0.45757 ,-4.48965 
408 ,78.9865 ,1.53361 ,-0.48152 ,-4.72470 
409 ,79.1788 ,1.53554 ,-0.47468 ,-4.65754 
410 ,79.3711 ,1.53753 ,-0.50890 ,-4.99332 
411 ,79.5629 ,1.53944 ,-0.50548 ,-4.95975 
412 ,79.7549 ,1.54135 ,-0.52259 ,-5.12764 
413 ,79.9631 ,1.54346 ,-0.51917 ,-5.09406 
414 ,80.1711 ,1.54546 ,-0.54654 ,-5.36268 
415 ,80.3632 ,1.54741 ,-0.53628 ,-5.26195 
416 ,80.5552 ,1.54928 ,-0.56023 ,-5.49700 
417 ,80.7632 ,1.55135 ,-0.56365 ,-5.53058 
418 ,80.9395 ,1.55323 ,-0.57050 ,-5.59773 
419 ,81.1314 ,1.55510 ,-0.60472 ,-5.93352 
420 ,81.3233 ,1.55705 ,-0.59445 ,-5.83278 
421 ,81.5152 ,1.55896 ,-0.59103 ,-5.79920 
422 ,81.6913 ,1.56084 ,-0.62183 ,-6.10141 
423 ,81.8836 ,1.56256 ,-0.61156 ,-6.00067 
424 ,82.0761 ,1.56461 ,-0.62183 ,-6.10141 
425 ,82.2680 ,1.56654 ,-0.64921 ,-6.37003 
426 ,82.4442 ,1.56827 ,-0.63552 ,-6.23572 
427 ,82.6522 ,1.57030 ,-0.66290 ,-6.50435 
428 ,82.8283 ,1.57209 ,-0.66974 ,-6.57150 
429 ,83.0202 ,1.57399 ,-0.66290 ,-6.50435 
430 ,83.2125 ,1.57597 ,-0.69370 ,-6.80655 
431 ,83.4204 ,1.57798 ,-0.67659 ,-6.63866 
432 ,83.6126 ,1.57984 ,-0.69712 ,-6.84013 
433 ,83.8207 ,1.58191 ,-0.70396 ,-6.90729 
434 ,84.0126 ,1.58391 ,-0.71423 ,-7.00802 
435 ,84.2049 ,1.58578 ,-0.72107 ,-7.07518 
436 ,84.3969 ,1.58774 ,-0.72450 ,-7.10876 
437 ,84.6050 ,1.58986 ,-0.73134 ,-7.17591 
438 ,84.7811 ,1.59164 ,-0.74845 ,-7.34380 
439 ,84.9891 ,1.59369 ,-0.77241 ,-7.57885 
440 ,85.1813 ,1.59560 ,-0.75530 ,-7.41096 
441 ,85.3894 ,1.59769 ,-0.78610 ,-7.71317 
442 ,85.5810 ,1.59957 ,-0.77925 ,-7.64601 
443 ,85.7736 ,1.60146 ,-0.81347 ,-7.98179 
444 ,85.9817 ,1.60357 ,-0.80321 ,-7.88106 
445 ,86.1737 ,1.60550 ,-0.81347 ,-7.98179 
446 ,86.3496 ,1.60729 ,-0.82374 ,-8.08253 
447 ,86.5414 ,1.60914 ,-0.82032 ,-8.04895 
448 ,86.7177 ,1.61105 ,-0.83058 ,-8.14968 
449 ,86.9100 ,1.61286 ,-0.85796 ,-8.41831 
450 ,87.1339 ,1.61499 ,-0.85112 ,-8.35115 
451 ,87.3260 ,1.61703 ,-0.88192 ,-8.65336 
452 ,87.5342 ,1.61908 ,-0.88192 ,-8.65336 
453 ,87.7260 ,1.62102 ,-0.88876 ,-8.72051 
454 ,87.9181 ,1.62297 ,-0.86481 ,-8.48547 
455 ,88.1262 ,1.62497 ,-0.90245 ,-8.85483 
456 ,88.3021 ,1.62682 ,-0.91614 ,-8.98914 
457 ,88.4945 ,1.62869 ,-0.91272 ,-8.95556 
458 ,88.6867 ,1.63057 ,-0.92640 ,-9.08988 
459 ,88.8785 ,1.63262 ,-0.94009 ,-9.22419 
460 ,89.0707 ,1.63445 ,-0.94009 ,-9.22419 
461 ,89.2629 ,1.63641 ,-0.95036 ,-9.32492 
462 ,89.4229 ,1.63813 ,-0.94694 ,-9.29135 
463 ,89.6310 ,1.63993 ,-0.95378 ,-9.35850 
464 ,89.8392 ,1.64213 ,-0.96405 ,-9.45924 
465 ,90.0472 ,1.64423 ,-0.98458 ,-9.66071 
466 ,90.2394 ,1.64613 ,-0.97774 ,-9.59355 
467 ,90.4469 ,1.64823 ,-1.01196 ,-9.92933 
468 ,90.6235 ,1.65008 ,-0.99485 ,-9.76144 
469 ,90.8154 ,1.65189 ,-1.01196 ,-9.92933 
470 ,91.0237 ,1.65396 ,-1.02907 ,-10.09723 
471 ,91.2156 ,1.65586 ,-1.01196 ,-9.92933 
472 ,91.4078 ,1.65777 ,-1.04960 ,-10.29869 
473 ,91.5838 ,1.65969 ,-1.03934 ,-10.19796 
474 ,91.7760 ,1.66151 ,-1.04618 ,-10.26512 
475 ,91.9679 ,1.66346 ,-1.08040 ,-10.60090 
476 ,92.1601 ,1.66535 ,-1.06329 ,-10.43301 
477 ,92.3522 ,1.66727 ,-1.08382 ,-10.63448 
478 ,92.5443 ,1.66916 ,-1.09067 ,-10.70163 
479 ,92.7359 ,1.67116 ,-1.08725 ,-10.66806 
480 ,92.9284 ,1.67303 ,-1.11805 ,-10.97026 
481 ,93.1204 ,1.67497 ,-1.09751 ,-10.76879 
482 ,93.2965 ,1.67670 ,-1.11462 ,-10.93668 
483 ,93.4726 ,1.67857 ,-1.14200 ,-11.20531 
484 ,93.6644 ,1.68042 ,-1.14542 ,-11.23889 
485 ,93.8566 ,1.68233 ,-1.13173 ,-11.10457 
486 ,94.0489 ,1.68424 ,-1.15569 ,-11.33962 
487 ,94.2410 ,1.68616 ,-1.15569 ,-11.33962 
488 ,94.4492 ,1.68826 ,-1.16938 ,-11.47394 
489 ,94.6411 ,1.69017 ,-1.17964 ,-11.57467 
490 ,94.8332 ,1.69202 ,-1.18307 ,-11.60825 
491 ,95.0252 ,1.69396 ,-1.20360 ,-11.80972 
492 ,95.2015 ,1.69579 ,-1.21044 ,-11.87688 
493 ,95.4095 ,1.69778 ,-1.22413 ,-12.01119 
494 ,95.6015 ,1.69973 ,-1.21387 ,-11.91045 
495 ,95.7936 ,1.70164 ,-1.21729 ,-11.94403 
496 ,95.9857 ,1.70364 ,-1.23440 ,-12.11192 
497 ,96.1938 ,1.70565 ,-1.24467 ,-12.21266 
498 ,96.3857 ,1.70759 ,-1.25835 ,-12.34697 
499 ,96.5940 ,1.70967 ,-1.24124 ,-12.17908 
500 ,96.7860 ,1.71155 ,-1.27547 ,-12.51486 
501 ,96.9781 ,1.71352 ,-1.25835 ,-12.34697 
502 ,97.1702 ,1.71538 ,-1.28915 ,-12.64918 
503 ,97.3624 ,1.71731 ,-1.27889 ,-12.54844 
504 ,97.5704 ,1.71941 ,-1.29600 ,-12.71633 
505 ,97.7625 ,1.72134 ,-1.29600 ,-12.71633 
506 ,97.9381 ,1.72322 ,-1.29942 ,-12.74991 
507 ,98.1306 ,1.72506 ,-1.31653 ,-12.91780 
508 ,98.3387 ,1.72709 ,-1.31995 ,-12.95138 
509 ,98.5308 ,1.72898 ,-1.33706 ,-13.11927 
510 ,98.7387 ,1.73111 ,-1.32680 ,-13.01854 
511 ,98.9309 ,1.73306 ,-1.34733 ,-13.22001 
512 ,99.1392 ,1.73509 ,-1.35417 ,-13.28716 
513 ,99.3472 ,1.73719 ,-1.37471 ,-13.48863 
514 ,99.5392 ,1.73917 ,-1.37129 ,-13.45506 
515 ,99.7313 ,1.74107 ,-1.37129 ,-13.45506 
516 ,99.9392 ,1.74305 ,-1.38155 ,-13.55579 
517 ,100.1311 ,1.74499 ,-1.38840 ,-13.62295 
518 ,100.3395 ,1.74701 ,-1.41235 ,-13.85799 
519 ,100.5314 ,1.74907 ,-1.40209 ,-13.75726 
520 ,100.7395 ,1.75096 ,-1.40209 ,-13.75726 
521 ,100.9475 ,1.75316 ,-1.43631 ,-14.09304 
522 ,101.1236 ,1.75500 ,-1.43631 ,-14.09304 
523 ,101.2999 ,1.75681 ,-1.42604 ,-13.99231 
524 ,101.4918 ,1.75863 ,-1.45000 ,-14.22736 
525 ,101.6841 ,1.76054 ,-1.45684 ,-14.29451 
526 ,101.8919 ,1.76249 ,-1.45342 ,-14.26093 
527 ,102.0841 ,1.76458 ,-1.47737 ,-14.49598 
528 ,102.2918 ,1.76662 ,-1.46711 ,-14.39525 
529 ,102.4840 ,1.76854 ,-1.50133 ,-14.73103 
530 ,102.6603 ,1.77036 ,-1.49791 ,-14.69745 
531 ,102.8526 ,1.77226 ,-1.49106 ,-14.63030 
532 ,103.0443 ,1.77411 ,-1.51502 ,-14.86534 
533 ,103.2207 ,1.77594 ,-1.50817 ,-14.79819 
534 ,103.4124 ,1.77778 ,-1.51844 ,-14.89892 
535 ,103.6050 ,1.77973 ,-1.54239 ,-15.13397 
536 ,103.8128 ,1.78185 ,-1.52871 ,-14.99966 
537 ,103.9890 ,1.78364 ,-1.53213 ,-15.03324 
538 ,104.1649 ,1.78542 ,-1.55950 ,-15.30186 
539 ,104.3413 ,1.78720 ,-1.55950 ,-15.30186 
540 ,104.5330 ,1.78902 ,-1.54924 ,-15.20113 
541 ,104.7095 ,1.79084 ,-1.54582 ,-15.16755 
542 ,104.9175 ,1.79290 ,-1.58346 ,-15.53691 
543 ,105.1254 ,1.79494 ,-1.60399 ,-15.73838 
544 ,105.3177 ,1.79686 ,-1.58688 ,-15.57049 
545 ,105.5092 ,1.79890 ,-1.60057 ,-15.70480 
546 ,105.7017 ,1.80071 ,-1.61768 ,-15.87269 
547 ,105.8938 ,1.80257 ,-1.59373 ,-15.63764 
548 ,106.0698 ,1.80443 ,-1.61084 ,-15.80554 
549 ,106.2620 ,1.80631 ,-1.62453 ,-15.93985 
550 ,106.4539 ,1.80820 ,-1.62453 ,-15.93985 
551 ,106.6456 ,1.81018 ,-1.64506 ,-16.14132 
552 ,106.8222 ,1.81196 ,-1.65190 ,-16.20848 
553 ,107.0303 ,1.81400 ,-1.65190 ,-16.20848 
554 ,107.2224 ,1.81590 ,-1.67244 ,-16.40995 
555 ,107.4305 ,1.81792 ,-1.67586 ,-16.44352 
556 ,107.6225 ,1.81992 ,-1.68613 ,-16.54426 
557 ,107.8305 ,1.82192 ,-1.66901 ,-16.37637 
558 ,108.0387 ,1.82394 ,-1.69297 ,-16.61142 
559 ,108.2468 ,1.82607 ,-1.69639 ,-16.64499 
560 ,108.4388 ,1.82810 ,-1.69981 ,-16.67857 
561 ,108.6310 ,1.83001 ,-1.70324 ,-16.71215 
562 ,108.8225 ,1.83187 ,-1.73061 ,-16.98078 
563 ,108.9991 ,1.83375 ,-1.71692 ,-16.84646 
564 ,109.2071 ,1.83573 ,-1.73746 ,-17.04793 
565 ,109.3993 ,1.83770 ,-1.73061 ,-16.98078 
566 ,109.6071 ,1.83968 ,-1.74772 ,-17.14867 
567 ,109.7994 ,1.84165 ,-1.73746 ,-17.04793 
568 ,109.9912 ,1.84359 ,-1.75115 ,-17.18225 
569 ,110.1836 ,1.84553 ,-1.77852 ,-17.45087 
570 ,110.3756 ,1.84741 ,-1.76483 ,-17.31656 
571 ,110.5679 ,1.84933 ,-1.78879 ,-17.55161 
572 ,110.7595 ,1.85130 ,-1.78879 ,-17.55161 
573 ,111.1437 ,1.85513 ,-1.80248 ,-17.68592 
574 ,111.3360 ,1.85701 ,-1.80248 ,-17.68592 
575 ,111.5281 ,1.85889 ,-1.81617 ,-17.82023 
576 ,111.7198 ,1.86082 ,-1.80248 ,-17.68592 
577 ,111.9123 ,1.86277 ,-1.81959 ,-17.85381 
578 ,112.1200 ,1.86484 ,-1.83670 ,-18.02170 
579 ,112.3124 ,1.86674 ,-1.82986 ,-17.95455 
580 ,112.4887 ,1.86862 ,-1.84697 ,-18.12244 
581 ,112.6806 ,1.87050 ,-1.85723 ,-18.22317 
582 ,112.8568 ,1.87227 ,-1.85381 ,-18.18960 
583 ,113.0489 ,1.87413 ,-1.86750 ,-18.32391 
584 ,113.2410 ,1.87609 ,-1.87434 ,-18.39107 
585 ,113.4490 ,1.87813 ,-1.86750 ,-18.32391 
586 ,113.6411 ,1.88007 ,-1.88119 ,-18.45822 
587 ,113.8332 ,1.88198 ,-1.87777 ,-18.42464 
588 ,114.0253 ,1.88396 ,-1.90514 ,-18.69327 
589 ,114.2009 ,1.88576 ,-1.89146 ,-18.55896 
590 ,114.3777 ,1.88745 ,-1.89830 ,-18.62611 
591 ,114.5856 ,1.88952 ,-1.93252 ,-18.96190 
592 ,114.7775 ,1.89140 ,-1.91541 ,-18.79401 
593 ,114.9857 ,1.89347 ,-1.93594 ,-18.99547 
594 ,115.1618 ,1.89538 ,-1.93594 ,-18.99547 
595 ,115.3539 ,1.89718 ,-1.94279 ,-19.06263 
596 ,115.5620 ,1.89927 ,-1.95648 ,-19.19694 
597 ,115.7702 ,1.90137 ,-1.94963 ,-19.12979 
598 ,115.9621 ,1.90328 ,-1.96674 ,-19.29768 
599 ,116.1540 ,1.90519 ,-1.96674 ,-19.29768 
600 ,116.3298 ,1.90704 ,-1.98043 ,-19.43199 
601 ,116.5223 ,1.90892 ,-1.98728 ,-19.49915 
602 ,116.7303 ,1.91089 ,-1.98728 ,-19.49915 
603 ,116.9225 ,1.91285 ,-1.99754 ,-19.59988 
604 ,117.1146 ,1.91482 ,-1.99754 ,-19.59988 
605 ,117.3066 ,1.91670 ,-2.01465 ,-19.76778 
606 ,117.4828 ,1.91857 ,-2.00439 ,-19.66704 
607 ,117.6749 ,1.92042 ,-2.00781 ,-19.70062 
608 ,117.8668 ,1.92236 ,-2.03519 ,-19.96925 
609 ,118.0908 ,1.92443 ,-2.02150 ,-19.83493 
610 ,118.2829 ,1.92647 ,-2.03519 ,-19.96925 
611 ,118.4908 ,1.92854 ,-2.04545 ,-20.06998 
612 ,118.6833 ,1.93047 ,-2.04203 ,-20.03640 
613 ,118.8910 ,1.93250 ,-2.05914 ,-20.20429 
614 ,119.0676 ,1.93440 ,-2.06599 ,-20.27145 
615 ,119.2593 ,1.93626 ,-2.06599 ,-20.27145 
616 ,119.4517 ,1.93817 ,-2.07967 ,-20.40576 
617 ,119.6435 ,1.94008 ,-2.07625 ,-20.37219 
618 ,119.8358 ,1.94196 ,-2.07967 ,-20.40576 
619 ,120.0277 ,1.94396 ,-2.09679 ,-20.57366 
620 ,120.2199 ,1.94585 ,-2.09336 ,-20.54008 
621 ,120.4276 ,1.94789 ,-2.10705 ,-20.67439 
622 ,120.6039 ,1.94970 ,-2.12074 ,-20.80870 
623 ,120.7960 ,1.95157 ,-2.10021 ,-20.60723 
624 ,121.0042 ,1.95365 ,-2.13101 ,-20.90944 
625 ,121.2121 ,1.95581 ,-2.12074 ,-20.80870 
626 ,121.4041 ,1.95769 ,-2.13785 ,-20.97659 
627 ,121.5963 ,1.95958 ,-2.13443 ,-20.94302 
628 ,121.7727 ,1.96145 ,-2.15496 ,-21.14449 
629 ,121.9803 ,1.96337 ,-2.15838 ,-21.17806 
630 ,122.1887 ,1.96549 ,-2.15496 ,-21.14449 
631 ,122.3806 ,1.96741 ,-2.17207 ,-21.31238 
632 ,122.5568 ,1.96927 ,-2.16865 ,-21.27880 
633 ,122.7646 ,1.97126 ,-2.17549 ,-21.34596 
634 ,122.9565 ,1.97322 ,-2.18234 ,-21.41311 
635 ,123.1325 ,1.97508 ,-2.19261 ,-21.51385 
636 ,123.3246 ,1.97693 ,-2.20972 ,-21.68174 
637 ,123.5167 ,1.97875 ,-2.19945 ,-21.58100 
638 ,123.7090 ,1.98075 ,-2.20629 ,-21.64816 
639 ,123.9169 ,1.98279 ,-2.20972 ,-21.68174 
640 ,124.1089 ,1.98472 ,-2.21314 ,-21.71532 
641 ,124.3014 ,1.98665 ,-2.23709 ,-21.95037 
642 ,124.5255 ,1.98886 ,-2.24394 ,-22.01752 
643 ,124.7019 ,1.99069 ,-2.25078 ,-22.08468 
644 ,124.9097 ,1.99273 ,-2.23709 ,-21.95037 
645 ,125.1018 ,1.99459 ,-2.24394 ,-22.01752 
646 ,125.3259 ,1.99682 ,-2.25420 ,-22.11826 
647 ,125.5337 ,1.99894 ,-2.26447 ,-22.21899 
648 ,125.7102 ,2.00076 ,-2.26789 ,-22.25257 
649 ,125.9022 ,2.00264 ,-2.28843 ,-22.45404 
650 ,126.0939 ,2.00456 ,-2.27132 ,-22.28615 
651 ,126.2864 ,2.00643 ,-2.29869 ,-22.55477 
652 ,126.4941 ,2.00851 ,-2.27816 ,-22.35330 
653 ,126.6866 ,2.01045 ,-2.31238 ,-22.68909 
654 ,126.8946 ,2.01256 ,-2.28843 ,-22.45404 
655 ,127.0867 ,2.01444 ,-2.31923 ,-22.75624 
656 ,127.2948 ,2.01654 ,-2.30554 ,-22.62193 
657 ,127.5028 ,2.01858 ,-2.31923 ,-22.75624 
658 ,127.6949 ,2.02051 ,-2.32265 ,-22.78982 
659 ,127.8709 ,2.02237 ,-2.32949 ,-22.85698 
660 ,128.0791 ,2.02433 ,-2.32607 ,-22.82340 
661 ,128.2547 ,2.02615 ,-2.33634 ,-22.92414 
662 ,128.4473 ,2.02807 ,-2.36029 ,-23.15918 
663 ,128.6553 ,2.03014 ,-2.33634 ,-22.92414 
664 ,128.8473 ,2.03202 ,-2.37056 ,-23.25992 
665 ,129.0394 ,2.03398 ,-2.36714 ,-23.22634 
666 ,129.2155 ,2.03578 ,-2.36371 ,-23.19276 
667 ,129.4236 ,2.03779 ,-2.38425 ,-23.39423 
668 ,129.5997 ,2.03969 ,-2.37056 ,-23.25992 
669 ,129.7918 ,2.04153 ,-2.39794 ,-23.52855 
670 ,129.9841 ,2.04341 ,-2.40478 ,-23.59570 
671 ,130.1757 ,2.04542 ,-2.40136 ,-23.56212 
672 ,130.3677 ,2.04725 ,-2.41847 ,-23.73002 
673 ,130.5600 ,2.04918 ,-2.40820 ,-23.62928 
674 ,130.7522 ,2.05109 ,-2.41162 ,-23.66286 
675 ,130.9443 ,2.05307 ,-2.44242 ,-23.96506 
676 ,131.1358 ,2.05494 ,-2.42531 ,-23.79717 
677 ,131.3283 ,2.05683 ,-2.44927 ,-24.03222 
678 ,131.5199 ,2.05881 ,-2.44927 ,-24.03222 
679 ,131.7126 ,2.06074 ,-2.44927 ,-24.03222 
680 ,131.9204 ,2.06285 ,-2.45269 ,-24.06580 
681 ,132.1286 ,2.06483 ,-2.46980 ,-24.23369 
682 ,132.3206 ,2.06677 ,-2.46638 ,-24.20011 
683 ,132.5129 ,2.06874 ,-2.46638 ,-24.20011 
684 ,132.7209 ,2.07081 ,-2.48691 ,-24.40158 
685 ,132.9130 ,2.07273 ,-2.47322 ,-24.26727 
686 ,133.1048 ,2.07463 ,-2.50402 ,-24.56947 
687 ,133.2972 ,2.07654 ,-2.48007 ,-24.33442 
688 ,133.4890 ,2.07847 ,-2.49718 ,-24.50232 
689 ,133.6809 ,2.08041 ,-2.51087 ,-24.63663 
690 ,133.8736 ,2.08235 ,-2.49376 ,-24.46874 
691 ,134.0654 ,2.08428 ,-2.53140 ,-24.83810 
692 ,134.2576 ,2.08617 ,-2.51429 ,-24.67021 
693 ,134.4496 ,2.08808 ,-2.52456 ,-24.77094 
694 ,134.6256 ,2.08986 ,-2.54167 ,-24.93883 
695 ,134.8016 ,2.09159 ,-2.53482 ,-24.87168 
696 ,134.9939 ,2.09346 ,-2.53482 ,-24.87168 
697 ,135.1699 ,2.09537 ,-2.55878 ,-25.10673 
698 ,135.3620 ,2.09718 ,-2.55536 ,-25.07315 
699 ,135.5541 ,2.09910 ,-2.54167 ,-24.93883 
700 ,135.7622 ,2.10120 ,-2.56562 ,-25.17388 
701 ,135.9544 ,2.10309 ,-2.55193 ,-25.03957 
702 ,136.1621 ,2.10518 ,-2.59300 ,-25.44251 
703 ,136.3705 ,2.10719 ,-2.56904 ,-25.20746 
704 ,136.5782 ,2.10935 ,-2.58273 ,-25.34177 
705 ,136.7382 ,2.11112 ,-2.58615 ,-25.37535 
706 ,136.9302 ,2.11281 ,-2.57589 ,-25.27462 
707 ,137.1228 ,2.11477 ,-2.60669 ,-25.57682 
708 ,137.3306 ,2.11688 ,-2.60327 ,-25.54324 
709 ,137.5227 ,2.11879 ,-2.62038 ,-25.71114 
710 ,137.7148 ,2.12070 ,-2.61353 ,-25.64398 
711 ,137.9390 ,2.12294 ,-2.62380 ,-25.74471 
712 ,138.1629 ,2.12513 ,-2.62380 ,-25.74471 
713 ,138.3713 ,2.12720 ,-2.62038 ,-25.71114 
714 ,138.5792 ,2.12936 ,-2.64775 ,-25.97976 
715 ,138.7711 ,2.13131 ,-2.63407 ,-25.84545 
716 ,138.9633 ,2.13319 ,-2.64775 ,-25.97976 
717 ,139.1552 ,2.13510 ,-2.64775 ,-25.97976 
718 ,139.3474 ,2.13700 ,-2.66144 ,-26.11407 
719 ,139.5555 ,2.13909 ,-2.65460 ,-26.04692 
720 ,139.7479 ,2.14097 ,-2.67513 ,-26.24839 
721 ,139.9557 ,2.14307 ,-2.66486 ,-26.14765 
722 ,140.1315 ,2.14494 ,-2.68198 ,-26.31554 
723 ,140.3239 ,2.14682 ,-2.69224 ,-26.41628 
724 ,140.5320 ,2.14890 ,-2.67855 ,-26.28197 
725 ,140.7238 ,2.15077 ,-2.69909 ,-26.48344 
726 ,140.9322 ,2.15272 ,-2.69224 ,-26.41628 
727 ,141.1404 ,2.15495 ,-2.71620 ,-26.65133 
728 ,141.3321 ,2.15696 ,-2.71278 ,-26.61775 
729 ,141.5242 ,2.15877 ,-2.71620 ,-26.65133 
730 ,141.7161 ,2.16065 ,-2.71620 ,-26.65133 
731 ,141.8923 ,2.16258 ,-2.72646 ,-26.75206 
732 ,142.0845 ,2.16437 ,-2.73331 ,-26.81922 
733 ,142.2769 ,2.16628 ,-2.71620 ,-26.65133 
734 ,142.4687 ,2.16827 ,-2.72646 ,-26.75206 
735 ,142.6609 ,2.17018 ,-2.75384 ,-27.02069 
736 ,142.8530 ,2.17208 ,-2.74357 ,-26.91995 
737 ,143.0450 ,2.17397 ,-2.76069 ,-27.08785 
738 ,143.2372 ,2.17587 ,-2.75384 ,-27.02069 
739 ,143.4449 ,2.17800 ,-2.77095 ,-27.18858 
740 ,143.6208 ,2.17979 ,-2.77780 ,-27.25574 
741 ,143.7968 ,2.18154 ,-2.77437 ,-27.22216 
742 ,144.0216 ,2.18364 ,-2.78122 ,-27.28932 
743 ,144.2296 ,2.18587 ,-2.77437 ,-27.22216 
744 ,144.4217 ,2.18775 ,-2.80175 ,-27.49079 
745 ,144.6137 ,2.18966 ,-2.78464 ,-27.32289 
746 ,144.8218 ,2.19174 ,-2.80860 ,-27.55794 
747 ,145.0300 ,2.19371 ,-2.79491 ,-27.42363 
748 ,145.2380 ,2.19590 ,-2.80517 ,-27.52436 
749 ,145.4301 ,2.19785 ,-2.80517 ,-27.52436 
750 ,145.6218 ,2.19971 ,-2.82571 ,-27.72583 
751 ,145.8141 ,2.20162 ,-2.82228 ,-27.69225 
752 ,146.0063 ,2.20356 ,-2.83597 ,-27.82657 
753 ,146.1984 ,2.20554 ,-2.83255 ,-27.79299 
754 ,146.3905 ,2.20747 ,-2.83940 ,-27.86015 
755 ,146.5985 ,2.20954 ,-2.84282 ,-27.89372 
756 ,146.7902 ,2.21143 ,-2.84624 ,-27.92730 
757 ,146.9987 ,2.21356 ,-2.86335 ,-28.09519 
758 ,147.1907 ,2.21549 ,-2.85308 ,-27.99446 
759 ,147.3828 ,2.21732 ,-2.87019 ,-28.16235 
760 ,147.5910 ,2.21945 ,-2.85651 ,-28.02804 
761 ,147.7828 ,2.22134 ,-2.87704 ,-28.22951 
762 ,147.9591 ,2.22317 ,-2.88046 ,-28.26309 
763 ,148.1672 ,2.22522 ,-2.87704 ,-28.22951 
764 ,148.3753 ,2.22726 ,-2.88046 ,-28.26309 
765 ,148.5674 ,2.22924 ,-2.89073 ,-28.36382 
766 ,148.7593 ,2.23111 ,-2.89415 ,-28.39740 
767 ,148.9670 ,2.23312 ,-2.88731 ,-28.33024 
768 ,149.1436 ,2.23499 ,-2.91468 ,-28.59887 
769 ,149.3356 ,2.23690 ,-2.90099 ,-28.46456 
770 ,149.5118 ,2.23866 ,-2.89415 ,-28.39740 
771 ,149.7195 ,2.24073 ,-2.91811 ,-28.63245 
772 ,149.9114 ,2.24264 ,-2.91811 ,-28.63245 
773 ,150.1038 ,2.24455 ,-2.93179 ,-28.76676 
774 ,150.3278 ,2.24682 ,-2.93179 ,-28.76676 
775 ,150.5039 ,2.24863 ,-2.93522 ,-28.80034 
776 ,150.6958 ,2.25044 ,-2.92495 ,-28.69960 
777 ,150.8880 ,2.25242 ,-2.94890 ,-28.93465 
778 ,151.0643 ,2.25420 ,-2.95917 ,-29.03539 
779 ,151.2722 ,2.25621 ,-2.95233 ,-28.96823 
780 ,151.4484 ,2.25809 ,-2.95233 ,-28.96823 
781 ,151.6403 ,2.25990 ,-2.96944 ,-29.13612 
782 ,151.8165 ,2.26172 ,-2.96944 ,-29.13612 
783 ,152.0086 ,2.26358 ,-2.96602 ,-29.10254 
784 ,152.2008 ,2.26555 ,-2.99339 ,-29.37117 
785 ,152.4087 ,2.26755 ,-2.98997 ,-29.33759 
786 ,152.6009 ,2.26947 ,-2.98313 ,-29.27043 
787 ,152.7925 ,2.27146 ,-2.97628 ,-29.20328 
788 ,152.9692 ,2.27326 ,-3.00366 ,-29.47190 
789 ,153.1606 ,2.27508 ,-3.00024 ,-29.43833 
790 ,153.3533 ,2.27699 ,-3.00024 ,-29.43833 
791 ,153.5452 ,2.27896 ,-3.01393 ,-29.57264 
792 ,153.7214 ,2.28074 ,-3.02077 ,-29.63980 
793 ,153.9294 ,2.28279 ,-3.03104 ,-29.74053 
794 ,154.1375 ,2.28482 ,-3.01050 ,-29.53906 
795 ,154.3455 ,2.28692 ,-3.04815 ,-29.90842 
796 ,154.5537 ,2.28902 ,-3.02419 ,-29.67337 
797 ,154.7458 ,2.29093 ,-3.03446 ,-29.77411 
798 ,154.9539 ,2.29304 ,-3.04473 ,-29.87484 
799 ,155.1458 ,2.29492 ,-3.05157 ,-29.94200 
800 ,155.3376 ,2.29698 ,-3.04815 ,-29.90842 
801 ,155.5301 ,2.29876 ,-3.06526 ,-30.07631 
802 ,155.7219 ,2.30068 ,-3.06526 ,-30.07631 
803 ,155.9142 ,2.30259 ,-3.05157 ,-29.94200 
804 ,156.1064 ,2.30457 ,-3.07895 ,-30.21063 
805 ,156.2983 ,2.30645 ,-3.06868 ,-30.10989 
806 ,156.5066 ,2.30858 ,-3.08579 ,-30.27778 
807 ,156.7143 ,2.31059 ,-3.07210 ,-30.14347 
808 ,156.9066 ,2.31253 ,-3.09948 ,-30.41210 
809 ,157.0985 ,2.31444 ,-3.08579 ,-30.27778 
810 ,157.2909 ,2.31641 ,-3.09606 ,-30.37852 
811 ,157.4826 ,2.31830 ,-3.10290 ,-30.44568 
812 ,157.6751 ,2.32025 ,-3.09948 ,-30.41210 
813 ,157.8992 ,2.32241 ,-3.10290 ,-30.44568 
814 ,158.1073 ,2.32454 ,-3.13028 ,-30.71430 
815 ,158.2994 ,2.32651 ,-3.10975 ,-30.51283 
816 ,158.5073 ,2.32852 ,-3.12686 ,-30.68072 
817 ,158.6994 ,2.33050 ,-3.12686 ,-30.68072 
818 ,158.8914 ,2.33244 ,-3.13028 ,-30.71430 
819 ,159.0837 ,2.33435 ,-3.14739 ,-30.88219 
820 ,159.2916 ,2.33639 ,-3.13370 ,-30.74788 
821 ,159.4838 ,2.33830 ,-3.14055 ,-30.81504 
822 ,159.6593 ,2.34018 ,-3.13370 ,-30.74788 
823 ,159.8519 ,2.34199 ,-3.14055 ,-30.81504 
824 ,160.0600 ,2.34407 ,-3.15423 ,-30.94935 
825 ,160.2521 ,2.34599 ,-3.15766 ,-30.98293 
826 ,160.4601 ,2.34805 ,-3.16450 ,-31.05008 
827 ,160.6683 ,2.35008 ,-3.17135 ,-31.11724 
828 ,160.8763 ,2.35220 ,-3.16792 ,-31.08366 
829 ,161.0844 ,2.35430 ,-3.17477 ,-31.15082 
830 ,161.2764 ,2.35624 ,-3.17477 ,-31.15082 
831 ,161.4687 ,2.35817 ,-3.19530 ,-31.35229 
832 ,161.6768 ,2.36026 ,-3.19530 ,-31.35229 
833 ,161.8844 ,2.36225 ,-3.19872 ,-31.38587 
834 ,162.0768 ,2.36424 ,-3.19188 ,-31.31871 
835 ,162.2690 ,2.36617 ,-3.21926 ,-31.58734 
836 ,162.4611 ,2.36809 ,-3.21241 ,-31.52018 
837 ,162.6532 ,2.37002 ,-3.21583 ,-31.55376 
838 ,162.8608 ,2.37207 ,-3.21583 ,-31.55376 
839 ,163.0533 ,2.37404 ,-3.20557 ,-31.45302 
840 ,163.2611 ,2.37608 ,-3.22952 ,-31.68807 
841 ,163.4530 ,2.37796 ,-3.22952 ,-31.68807 
842 ,163.6453 ,2.37990 ,-3.24321 ,-31.82239 
843 ,163.8536 ,2.38200 ,-3.23979 ,-31.78881 
844 ,164.0455 ,2.38391 ,-3.25348 ,-31.92312 
845 ,164.2378 ,2.38586 ,-3.23979 ,-31.78881 
846 ,164.4458 ,2.38783 ,-3.25690 ,-31.95670 
847 ,164.6378 ,2.38985 ,-3.23979 ,-31.78881 
848 ,164.8618 ,2.39192 ,-3.26717 ,-32.05743 
849 ,165.0536 ,2.39395 ,-3.27059 ,-32.09101 
850 ,165.2622 ,2.39596 ,-3.28770 ,-32.25890 
851 ,165.4699 ,2.39816 ,-3.29454 ,-32.32606 
852 ,165.6623 ,2.40004 ,-3.27401 ,-32.12459 
853 ,165.8545 ,2.40198 ,-3.28428 ,-32.22533 
854 ,166.0626 ,2.40409 ,-3.28770 ,-32.25890 
855 ,166.2706 ,2.40616 ,-3.29112 ,-32.29248 
856 ,166.4787 ,2.40825 ,-3.27401 ,-32.12459 
857 ,166.6709 ,2.41017 ,-3.30481 ,-32.42680 
858 ,166.8627 ,2.41211 ,-3.29797 ,-32.35964 
859 ,167.0549 ,2.41395 ,-3.30823 ,-32.46037 
860 ,167.2630 ,2.41603 ,-3.30823 ,-32.46037 
861 ,167.4711 ,2.41807 ,-3.31850 ,-32.56111 
862 ,167.6792 ,2.42026 ,-3.30139 ,-32.39322 
863 ,167.8712 ,2.42214 ,-3.32534 ,-32.62827 
864 ,168.0795 ,2.42412 ,-3.33219 ,-32.69542 
865 ,168.2711 ,2.42616 ,-3.33219 ,-32.69542 
866 ,168.4636 ,2.42808 ,-3.33561 ,-32.72900 
867 ,168.6711 ,2.43014 ,-3.34588 ,-32.82973 
868 ,168.8477 ,2.43198 ,-3.35614 ,-32.93047 
869 ,169.0396 ,2.43384 ,-3.34245 ,-32.79616 
870 ,169.2318 ,2.43575 ,-3.35614 ,-32.93047 
871 ,169.4237 ,2.43776 ,-3.34245 ,-32.79616 
872 ,169.6159 ,2.43956 ,-3.34588 ,-32.82973 
873 ,169.8078 ,2.44157 ,-3.36641 ,-33.03120 
874 ,170.0001 ,2.44349 ,-3.36641 ,-33.03120 
875 ,170.1920 ,2.44537 ,-3.36983 ,-33.06478 
876 ,170.3842 ,2.44724 ,-3.37668 ,-33.13194 
877 ,170.5765 ,2.44929 ,-3.35614 ,-32.93047 
878 ,170.7841 ,2.45123 ,-3.37325 ,-33.09836 
879 ,170.9765 ,2.45317 ,-3.39721 ,-33.33341 
880 ,171.1847 ,2.45528 ,-3.39379 ,-33.29983 
881 ,171.3926 ,2.45732 ,-3.39036 ,-33.26625 
882 ,171.5845 ,2.45928 ,-3.39721 ,-33.33341 
883 ,171.7928 ,2.46132 ,-3.40747 ,-33.43414 
884 ,171.9848 ,2.46326 ,-3.39721 ,-33.33341 
885 ,172.1771 ,2.46521 ,-3.39721 ,-33.33341 
886 ,172.3848 ,2.46729 ,-3.41774 ,-33.53488 
887 ,172.5768 ,2.46922 ,-3.41432 ,-33.50130 
888 ,172.7694 ,2.47115 ,-3.41774 ,-33.53488 
889 ,172.9774 ,2.47318 ,-3.42116 ,-33.56846 
890 ,173.1695 ,2.47515 ,-3.42801 ,-33.63561 
891 ,173.3777 ,2.47717 ,-3.41774 ,-33.53488 
892 ,173.5854 ,2.47924 ,-3.42116 ,-33.56846 
893 ,173.7616 ,2.48111 ,-3.43827 ,-33.73635 
894 ,173.9538 ,2.48292 ,-3.44854 ,-33.83708 
895 ,174.1456 ,2.48487 ,-3.43485 ,-33.70277 
896 ,174.3218 ,2.48672 ,-3.44854 ,-33.83708 
897 ,174.5139 ,2.48853 ,-3.45196 ,-33.87066 
898 ,174.7219 ,2.49063 ,-3.43485 ,-33.70277 
899 ,174.9300 ,2.49264 ,-3.45881 ,-33.93782 
900 ,175.1383 ,2.49475 ,-3.44854 ,-33.83708 
901 ,175.3299 ,2.49684 ,-3.45881 ,-33.93782 
902 ,175.5222 ,2.49866 ,-3.45881 ,-33.93782 
903 ,175.7145 ,2.50060 ,-3.46907 ,-34.03855 
904 ,175.8900 ,2.50242 ,-3.46907 ,-34.03855 
905 ,176.0826 ,2.50423 ,-3.46565 ,-34.00498 
906 ,176.2749 ,2.50614 ,-3.48961 ,-34.24002 
907 ,176.4828 ,2.50826 ,-3.46223 ,-33.97140 
908 ,176.6747 ,2.51016 ,-3.48961 ,-34.24002 
909 ,176.8668 ,2.51211 ,-3.48618 ,-34.20645 
910 ,177.0589 ,2.51401 ,-3.47592 ,-34.10571 
911 ,177.2511 ,2.51595 ,-3.51014 ,-34.44149 
912 ,177.4592 ,2.51791 ,-3.49303 ,-34.27360 
913 ,177.6513 ,2.51995 ,-3.51356 ,-34.47507 
914 ,177.8433 ,2.52194 ,-3.49645 ,-34.30718 
915 ,178.0349 ,2.52371 ,-3.50672 ,-34.40792 
916 ,178.2275 ,2.52567 ,-3.50672 ,-34.40792 
917 ,178.4196 ,2.52762 ,-3.50330 ,-34.37434 
918 ,178.6117 ,2.52950 ,-3.52383 ,-34.57581 
919 ,178.8198 ,2.53156 ,-3.51356 ,-34.47507 
920 ,179.0278 ,2.53364 ,-3.50330 ,-34.37434 
921 ,179.2199 ,2.53564 ,-3.50672 ,-34.40792 
922 ,179.4118 ,2.53763 ,-3.52041 ,-34.54223 
923 ,179.6201 ,2.53949 ,-3.52041 ,-34.54223 
924 ,179.8121 ,2.54153 ,-3.53067 ,-34.64296 
925 ,180.0042 ,2.54344 ,-3.52725 ,-34.60938 
926 ,180.2117 ,2.54549 ,-3.54094 ,-34.74370 
927 ,180.4203 ,2.54749 ,-3.52041 ,-34.54223 
928 ,180.6123 ,2.54950 ,-3.53752 ,-34.71012 
929 ,180.8044 ,2.55139 ,-3.51698 ,-34.50865 
930 ,180.9964 ,2.55338 ,-3.54778 ,-34.81085 
931 ,181.1887 ,2.55531 ,-3.52725 ,-34.60938 
932 ,181.3966 ,2.55735 ,-3.54094 ,-34.74370 
933 ,181.6048 ,2.55944 ,-3.53067 ,-34.64296 
934 ,181.7966 ,2.56132 ,-3.54778 ,-34.81085 
935 ,181.9891 ,2.56329 ,-3.52041 ,-34.54223 
936 ,182.1807 ,2.56520 ,-3.52041 ,-34.54223 
937 ,182.3732 ,2.56708 ,-3.51698 ,-34.50865 
938 ,182.5651 ,2.56904 ,-3.50672 ,-34.40792 
939 ,182.7571 ,2.57101 ,-3.49645 ,-34.30718 
940 ,182.9333 ,2.57291 ,-3.49303 ,-34.27360 
941 ,183.1253 ,2.57466 ,-3.46223 ,-33.97140 
942 ,183.3175 ,2.57658 ,-3.42459 ,-33.60204 
943 ,183.5255 ,2.57861 ,-3.33561 ,-32.72900 
944 ,183.7334 ,2.58066 ,-1.04618 ,-10.26512 
945 ,183.9418 ,2.58267 ,0.61015 ,5.98678 
946 ,184.1499 ,2.58484 ,0.61357 ,6.02036 
947 ,184.3254 ,2.58674 ,0.62042 ,6.08752 
948 ,184.5175 ,2.58855 ,0.59988 ,5.88605 
949 ,184.7095 ,2.59047 ,0.60673 ,5.95320 
950 ,184.9020 ,2.59235 ,0.59988 ,5.88605 
951 ,185.1102 ,2.59455 ,0.60673 ,5.95320 
952 ,185.3184 ,2.59653 ,0.59988 ,5.88605 
953 ,185.5105 ,2.59852 ,0.60330 ,5.91962 
954 ,185.7344 ,2.60063 ,0.59988 ,5.88605 
955 ,185.9264 ,2.60277 ,0.61357 ,6.02036 
956 ,186.1187 ,2.60458 ,0.59988 ,5.88605 
957 ,186.3267 ,2.60659 ,0.60673 ,5.95320 
958 ,186.5187 ,2.60859 ,0.61699 ,6.05394 
959 ,186.7268 ,2.61061 ,0.61357 ,6.02036 
960 ,186.9189 ,2.61258 ,0.60673 ,5.95320 
961 ,187.1111 ,2.61446 ,0.61015 ,5.98678 
962 ,187.3192 ,2.61653 ,0.59304 ,5.81889 
963 ,187.5113 ,2.61851 ,0.61699 ,6.05394 
964 ,187.7029 ,2.62050 ,0.60330 ,5.91962 
965 ,187.8954 ,2.62233 ,0.60673 ,5.95320 
966 ,188.1036 ,2.62440 ,0.61357 ,6.02036 
967 ,188.2955 ,2.62633 ,0.58962 ,5.78531 
968 ,188.4716 ,2.62818 ,0.61357 ,6.02036 
969 ,188.6637 ,2.62997 ,0.60673 ,5.95320 
970 ,188.8555 ,2.63189 ,0.60673 ,5.95320 
971 ,189.0479 ,2.63393 ,0.59646 ,5.85247 
972 ,189.2556 ,2.63589 ,0.60330 ,5.91962 
973 ,189.4481 ,2.63786 ,0.62042 ,6.08752 
974 ,189.6401 ,2.63979 ,0.60330 ,5.91962 
975 ,189.8323 ,2.64172 ,0.61015 ,5.98678 
976 ,190.0241 ,2.64358 ,0.62384 ,6.12109 
977 ,190.2324 ,2.64570 ,0.60330 ,5.91962 
978 ,190.4242 ,2.64759 ,0.61699 ,6.05394 
979 ,190.6165 ,2.64955 ,0.59988 ,5.88605 
980 ,190.8087 ,2.65143 ,0.61699 ,6.05394 
981 ,191.0007 ,2.65335 ,0.61357 ,6.02036 
982 ,191.1766 ,2.65514 ,0.60330 ,5.91962 
983 ,191.3846 ,2.65720 ,0.61015 ,5.98678 
984 ,191.5607 ,2.65908 ,0.59988 ,5.88605 
985 ,191.7691 ,2.66094 ,0.61699 ,6.05394 
986 ,191.9771 ,2.66307 ,0.59988 ,5.88605 
987 ,192.1692 ,2.66505 ,0.61357 ,6.02036 
988 ,192.3774 ,2.66709 ,0.60330 ,5.91962 
989 ,192.5533 ,2.66899 ,0.62042 ,6.08752 
990 ,192.7294 ,2.67071 ,0.61699 ,6.05394 
991 ,192.9535 ,2.67285 ,0.61357 ,6.02036 
992 ,193.1291 ,2.67476 ,0.61357 ,6.02036 
993 ,193.3215 ,2.67654 ,0.61357 ,6.02036 
994 ,193.5137 ,2.67843 ,0.59988 ,5.88605 
995 ,193.7057 ,2.68039 ,0.61015 ,5.98678 
996 ,193.8979 ,2.68233 ,0.60673 ,5.95320 
997 ,194.0900 ,2.68431 ,0.62384 ,6.12109 
998 ,194.2823 ,2.68616 ,0.61357 ,6.02036 
999 ,194.4901 ,2.68827 ,0.62042 ,6.08752 
1000 ,194.6822 ,2.69020 ,0.59988 ,5.88605 
1001 ,194.8742 ,2.69206 ,0.61015 ,5.98678 
1002 ,195.0664 ,2.69396 ,0.61015 ,5.98678 
1003 ,195.2580 ,2.69594 ,0.60673 ,5.95320 
1004 ,195.4506 ,2.69785 ,0.62042 ,6.08752 
1005 ,195.6423 ,2.69977 ,0.60330 ,5.91962 
1006 ,195.8188 ,2.70158 ,0.59304 ,5.81889 
1007 ,196.0108 ,2.70349 ,0.61699 ,6.05394 
1008 ,196.1867 ,2.70524 ,0.62042 ,6.08752 
1009 ,196.3944 ,2.70724 ,0.62384 ,6.12109 
1010 ,196.5870 ,2.70917 ,0.59988 ,5.88605 
1011 ,196.7792 ,2.71114 ,0.59646 ,5.85247 
1012 ,196.9549 ,2.71289 ,0.61015 ,5.98678 
1013 ,197.1473 ,2.71479 ,0.61357 ,6.02036 
1014 ,197.3552 ,2.71687 ,0.62384 ,6.12109 
1015 ,197.5473 ,2.71878 ,0.61357 ,6.02036 
1016 ,197.7394 ,2.72072 ,0.58962 ,5.78531 
1017 ,197.9313 ,2.72266 ,0.62042 ,6.08752 
1018 ,198.1234 ,2.72454 ,0.59988 ,5.88605 
1019 ,198.3158 ,2.72648 ,0.59988 ,5.88605 
1020 ,198.5075 ,2.72837 ,0.61357 ,6.02036 
1021 ,198.7158 ,2.73040 ,0.58962 ,5.78531 
1022 ,198.9238 ,2.73254 ,0.59988 ,5.88605 
1023 ,199.1318 ,2.73462 ,0.61357 ,6.02036 
1024 ,199.3081 ,2.73642 ,0.60673 ,5.95320 
1025 ,199.5161 ,2.73847 ,0.59988 ,5.88605 
1026 ,199.6922 ,2.74035 ,0.60673 ,5.95320 
1027 ,199.8842 ,2.74213 ,0.59988 ,5.88605 
1028 ,200.0604 ,2.74398 ,0.60330 ,5.91962 
1029 ,200.2524 ,2.74583 ,0.61699 ,6.05394 
1030 ,200.4283 ,2.74761 ,0.61015 ,5.98678 
1031 ,200.6205 ,2.74953 ,0.61015 ,5.98678 
1032 ,200.8127 ,2.75147 ,0.62042 ,6.08752 
1033 ,201.0046 ,2.75347 ,0.59304 ,5.81889 
1034 ,201.2129 ,2.75548 ,0.62726 ,6.15467 
1035 ,201.4044 ,2.75733 ,0.60330 ,5.91962 
1036 ,201.5807 ,2.75917 ,0.59304 ,5.81889 
1037 ,201.7726 ,2.76100 ,0.62042 ,6.08752 
1038 ,201.9811 ,2.76303 ,0.61699 ,6.05394 
1039 ,202.1893 ,2.76522 ,0.61357 ,6.02036 
1040 ,202.3974 ,2.76721 ,0.59646 ,5.85247 
1041 ,202.5894 ,2.76921 ,0.61015 ,5.98678 
1042 ,202.7817 ,2.77115 ,0.59646 ,5.85247 
1043 ,202.9895 ,2.77316 ,0.62042 ,6.08752 
1044 ,203.1818 ,2.77514 ,0.59646 ,5.85247 
1045 ,203.3894 ,2.77710 ,0.61015 ,5.98678 
1046 ,203.5978 ,2.77915 ,0.59988 ,5.88605 
1047 ,203.7899 ,2.78116 ,0.60330 ,5.91962 
1048 ,203.9817 ,2.78320 ,0.61015 ,5.98678 
1049 ,204.1738 ,2.78503 ,0.62042 ,6.08752 
1050 ,204.3502 ,2.78683 ,0.62042 ,6.08752 
1051 ,204.5421 ,2.78873 ,0.59988 ,5.88605 
1052 ,204.7184 ,2.79051 ,0.61699 ,6.05394 
1053 ,204.9104 ,2.79241 ,0.61357 ,6.02036 
1054 ,205.1185 ,2.79448 ,0.59988 ,5.88605 
1055 ,205.3264 ,2.79654 ,0.60330 ,5.91962 
1056 ,205.5186 ,2.79851 ,0.60673 ,5.95320 
1057 ,205.7265 ,2.80055 ,0.59988 ,5.88605 
1058 ,205.9346 ,2.80259 ,0.62384 ,6.12109 
1059 ,206.1103 ,2.80453 ,0.60673 ,5.95320 
1060 ,206.3029 ,2.80631 ,0.60673 ,5.95320 
1061 ,206.4948 ,2.80821 ,0.61699 ,6.05394 
1062 ,206.6871 ,2.81024 ,0.60673 ,5.95320 
1063 ,206.8790 ,2.81214 ,0.59646 ,5.85247 
1064 ,207.0873 ,2.81418 ,0.61357 ,6.02036 
1065 ,207.2953 ,2.81619 ,0.61699 ,6.05394 
1066 ,207.4874 ,2.81810 ,0.61015 ,5.98678 
1067 ,207.6954 ,2.82025 ,0.61357 ,6.02036 
1068 ,207.8876 ,2.82219 ,0.62042 ,6.08752 
1069 ,208.0798 ,2.82415 ,0.60673 ,5.95320 
1070 ,208.2872 ,2.82617 ,0.60673 ,5.95320 
1071 ,208.4799 ,2.82802 ,0.61699 ,6.05394 
1072 ,208.6718 ,2.83005 ,0.61357 ,6.02036 
1073 ,208.8638 ,2.83190 ,0.59304 ,5.81889 
1074 ,209.0557 ,2.83388 ,0.61015 ,5.98678 
1075 ,209.2481 ,2.83578 ,0.60330 ,5.91962 
1076 ,209.4562 ,2.83777 ,0.62384 ,6.12109 
1077 ,209.6644 ,2.83992 ,0.58962 ,5.78531 
1078 ,209.8723 ,2.84200 ,0.60673 ,5.95320 
1079 ,210.0806 ,2.84413 ,0.60673 ,5.95320 
1080 ,210.2886 ,2.84618 ,0.59304 ,5.81889 
1081 ,210.4807 ,2.84811 ,0.61699 ,6.05394 
1082 ,210.6567 ,2.84989 ,0.61699 ,6.05394 
1083 ,210.8488 ,2.85180 ,0.60673 ,5.95320 
1084 ,211.0568 ,2.85385 ,0.62042 ,6.08752 
1085 ,211.2329 ,2.85572 ,0.59988 ,5.88605 
1086 ,211.4091 ,2.85744 ,0.60673 ,5.95320 
1087 ,211.6170 ,2.85948 ,0.61357 ,6.02036 
1088 ,211.8249 ,2.86147 ,0.61357 ,6.02036 
1089 ,212.0173 ,2.86344 ,0.62726 ,6.15467 
1090 ,212.2094 ,2.86541 ,0.60330 ,5.91962 
1091 ,212.4015 ,2.86729 ,0.60673 ,5.95320 
1092 ,212.5935 ,2.86930 ,0.60673 ,5.95320 
1093 ,212.7852 ,2.87108 ,0.60330 ,5.91962 
1094 ,212.9617 ,2.87293 ,0.61015 ,5.98678 
1095 ,213.1378 ,2.87472 ,0.61357 ,6.02036 
1096 ,213.3458 ,2.87666 ,0.60673 ,5.95320 
1097 ,213.5379 ,2.87866 ,0.62042 ,6.08752 
1098 ,213.7300 ,2.88054 ,0.60330 ,5.91962 
1099 ,213.9379 ,2.88261 ,0.61699 ,6.05394 
1100 ,214.1301 ,2.88452 ,0.60673 ,5.95320 
1101 ,214.3383 ,2.88662 ,0.61015 ,5.98678 
1102 ,214.5303 ,2.88858 ,0.61015 ,5.98678 
1103 ,214.7060 ,2.89042 ,0.61699 ,6.05394 
1104 ,214.8986 ,2.89229 ,0.62726 ,6.15467 
1105 ,215.1066 ,2.89427 ,0.60673 ,5.95320 
1106 ,215.2987 ,2.89624 ,0.61015 ,5.98678 
1107 ,215.4908 ,2.89820 ,0.60673 ,5.95320 
1108 ,215.6988 ,2.90026 ,0.61015 ,5.98678 
1109 ,215.9068 ,2.90226 ,0.60330 ,5.91962 
1110 ,216.0990 ,2.90424 ,0.61357 ,6.02036 
1111 ,216.2911 ,2.90628 ,0.59304 ,5.81889 
1112 ,216.4832 ,2.90810 ,0.61357 ,6.02036 
1113 ,216.6751 ,2.90998 ,0.60673 ,5.95320 
1114 ,216.8669 ,2.91193 ,0.61015 ,5.98678 
1115 ,217.0595 ,2.91386 ,0.62042 ,6.08752 
1116 ,217.2676 ,2.91599 ,0.60330 ,5.91962 
1117 ,217.4755 ,2.91798 ,0.60330 ,5.91962 
1118 ,217.6677 ,2.91992 ,0.59646 ,5.85247 
1119 ,217.8918 ,2.92202 ,0.61357 ,6.02036 
1120 ,218.0838 ,2.92409 ,0.59988 ,5.88605 
1121 ,218.2760 ,2.92597 ,0.61357 ,6.02036 
1122 ,218.4679 ,2.92794 ,0.60673 ,5.95320 
1123 ,218.6761 ,2.92995 ,0.61699 ,6.05394 
1124 ,218.8998 ,2.93211 ,0.60673 ,5.95320 
1125 ,219.0922 ,2.93413 ,0.59646 ,5.85247 
1126 ,219.2841 ,2.93606 ,0.61699 ,6.05394 
1127 ,219.4764 ,2.93797 ,0.61699 ,6.05394 
1128 ,219.6685 ,2.93989 ,0.59646 ,5.85247 
1129 ,219.8605 ,2.94186 ,0.61357 ,6.02036 
1130 ,220.0367 ,2.94365 ,0.61015 ,5.98678 
1131 ,220.2446 ,2.94569 ,0.59988 ,5.88605 
1132 ,220.4528 ,2.94776 ,0.59988 ,5.88605 
1133 ,220.6448 ,2.94967 ,0.60673 ,5.95320 
1134 ,220.8209 ,2.95151 ,0.62042 ,6.08752 
1135 ,221.0290 ,2.95359 ,0.59988 ,5.88605 
1136 ,221.2205 ,2.95544 ,0.61015 ,5.98678 
1137 ,221.4132 ,2.95732 ,0.59988 ,5.88605 
1138 ,221.6212 ,2.95947 ,0.59988 ,5.88605 
1139 ,221.8289 ,2.96152 ,0.60673 ,5.95320 
1140 ,222.0214 ,2.96342 ,0.61357 ,6.02036 
1141 ,222.2449 ,2.96563 ,0.61357 ,6.02036 
1142 ,222.4374 ,2.96761 ,0.62042 ,6.08752 
1143 ,222.6455 ,2.96968 ,0.61015 ,5.98678 
1144 ,222.8218 ,2.97145 ,0.62042 ,6.08752 
1145 ,223.0137 ,2.97341 ,0.61357 ,6.02036 
1146 ,223.2058 ,2.97529 ,0.61015 ,5.98678 
1147 ,223.4135 ,2.97728 ,0.62384 ,6.12109 
1148 ,223.5898 ,2.97919 ,0.60330 ,5.91962 
1149 ,223.7823 ,2.98104 ,0.61699 ,6.05394 
1150 ,223.9742 ,2.98295 ,0.59988 ,5.88605 
1151 ,224.1661 ,2.98489 ,0.60330 ,5.91962 
1152 ,224.3421 ,2.98669 ,0.62384 ,6.12109 
1153 ,224.5342 ,2.98850 ,0.59646 ,5.85247 
1154 ,224.7260 ,2.99044 ,0.62384 ,6.12109 
1155 ,224.9179 ,2.99239 ,0.61015 ,5.98678 
1156 ,225.1265 ,2.99446 ,0.61015 ,5.98678 
1157 ,225.3346 ,2.99657 ,0.59988 ,5.88605 
1158 ,225.5264 ,2.99851 ,0.61699 ,6.05394 
1159 ,225.7348 ,3.00057 ,0.59646 ,5.85247 
1160 ,225.9429 ,3.00264 ,0.62042 ,6.08752 
1161 ,226.1348 ,3.00455 ,0.59988 ,5.88605 
1162 ,226.3432 ,3.00665 ,0.61699 ,6.05394 
1163 ,226.5349 ,3.00859 ,0.59304 ,5.81889 
1164 ,226.7112 ,3.01041 ,0.61015 ,5.98678 
1165 ,226.9034 ,3.01226 ,0.61699 ,6.05394 
1166 ,227.1114 ,3.01424 ,0.59646 ,5.85247 
1167 ,227.3034 ,3.01624 ,0.62384 ,6.12109 
1168 ,227.4953 ,3.01816 ,0.60330 ,5.91962 
1169 ,227.6872 ,3.02009 ,0.60673 ,5.95320 
1170 ,227.8799 ,3.02205 ,0.61699 ,6.05394 
1171 ,228.1037 ,3.02427 ,0.62042 ,6.08752 
1172 ,228.2958 ,3.02615 ,0.61357 ,6.02036 
1173 ,228.4877 ,3.02809 ,0.59988 ,5.88605 
1174 ,228.6802 ,3.03000 ,0.61699 ,6.05394 
1175 ,228.8881 ,3.03204 ,0.61699 ,6.05394 
1176 ,229.0961 ,3.03417 ,0.61357 ,6.02036 
1177 ,229.2722 ,3.03602 ,0.62042 ,6.08752 
1178 ,229.4644 ,3.03787 ,0.61015 ,5.98678 
1179 ,229.6563 ,3.03976 ,0.59646 ,5.85247 
1180 ,229.8481 ,3.04173 ,0.60330 ,5.91962 
1181 ,230.0404 ,3.04365 ,0.62042 ,6.08752 
1182 ,230.2487 ,3.04565 ,0.60673 ,5.95320 
1183 ,230.4407 ,3.04763 ,0.61015 ,5.98678 
1184 ,230.6328 ,3.04956 ,0.58619 ,5.75173 
1185 ,230.8248 ,3.05141 ,0.61015 ,5.98678 
1186 ,231.0008 ,3.05335 ,0.60673 ,5.95320 
1187 ,231.1930 ,3.05511 ,0.60330 ,5.91962 
1188 ,231.3851 ,3.05706 ,0.61357 ,6.02036 
1189 ,231.5770 ,3.05893 ,0.60330 ,5.91962 
1190 ,231.7852 ,3.06103 ,0.61699 ,6.05394 
1191 ,231.9773 ,3.06298 ,0.60330 ,5.91962 
1192 ,232.1535 ,3.06482 ,0.59646 ,5.85247 
1193 ,232.3453 ,3.06667 ,0.61699 ,6.05394 
1194 ,232.5377 ,3.06852 ,0.61015 ,5.98678 
1195 ,232.7295 ,3.07050 ,0.60673 ,5.95320 
1196 ,232.9058 ,3.07229 ,0.62384 ,6.12109 
1197 ,233.1135 ,3.07429 ,0.59988 ,5.88605 
1198 ,233.3061 ,3.07629 ,0.62042 ,6.08752 
1199 ,233.5138 ,3.07829 ,0.59988 ,5.88605 
1200 ,233.7062 ,3.08018 ,0.62042 ,6.08752 
1201 ,233.8981 ,3.08216 ,0.60330 ,5.91962 
1202 ,234.1063 ,3.08428 ,0.62726 ,6.15467 
1203 ,234.2985 ,3.08614 ,0.59304 ,5.81889 
1204 ,234.5066 ,3.08825 ,0.62384 ,6.12109 
1205 ,234.6986 ,3.09018 ,0.61015 ,5.98678 
1206 ,234.8907 ,3.09204 ,0.60330 ,5.91962 
1207 ,235.0827 ,3.09401 ,0.62042 ,6.08752 
1208 ,235.2585 ,3.09581 ,0.61357 ,6.02036 
1209 ,235.4508 ,3.09770 ,0.60673 ,5.95320 
1210 ,235.6586 ,3.09978 ,0.59988 ,5.88605 
1211 ,235.8512 ,3.10169 ,0.61357 ,6.02036 
1212 ,236.0431 ,3.10363 ,0.62726 ,6.15467 
1213 ,236.2351 ,3.10551 ,0.60673 ,5.95320 
1214 ,236.4434 ,3.10757 ,0.62042 ,6.08752 
1215 ,236.6514 ,3.10967 ,0.61015 ,5.98678 
1216 ,236.8274 ,3.11149 ,0.62042 ,6.08752 
1217 ,237.0355 ,3.11337 ,0.61015 ,5.98678 
1218 ,237.2276 ,3.11551 ,0.61357 ,6.02036 
1219 ,237.4193 ,3.11732 ,0.61015 ,5.98678 
1220 ,237.6119 ,3.11930 ,0.61015 ,5.98678 
1221 ,237.8197 ,3.12137 ,0.60673 ,5.95320 
1222 ,238.0119 ,3.12328 ,0.61015 ,5.98678 
1223 ,238.2200 ,3.12538 ,0.60330 ,5.91962 
1224 ,238.4120 ,3.12729 ,0.61015 ,5.98678 
1225 ,238.6041 ,3.12915 ,0.61699 ,6.05394 
1226 ,238.7962 ,3.13114 ,0.59988 ,5.88605 
1227 ,238.9883 ,3.13309 ,0.62042 ,6.08752 
1228 ,239.1806 ,3.13497 ,0.61015 ,5.98678 
1229 ,239.3726 ,3.13689 ,0.60673 ,5.95320 
1230 ,239.5802 ,3.13893 ,0.61357 ,6.02036 
1231 ,239.7727 ,3.14089 ,0.61015 ,5.98678 
1232 ,239.9807 ,3.14299 ,0.60330 ,5.91962 
1233 ,240.1729 ,3.14490 ,0.59646 ,5.85247 
1234 ,240.3812 ,3.14699 ,0.61357 ,6.02036 
1235 ,240.5731 ,3.14893 ,0.60330 ,5.91962 
1236 ,240.7809 ,3.15096 ,0.61015 ,5.98678 
1237 ,240.9731 ,3.15288 ,0.60330 ,5.91962 
1238 ,241.1653 ,3.15479 ,0.61015 ,5.98678 
1239 ,241.3735 ,3.15699 ,0.62384 ,6.12109 
1240 ,241.5650 ,3.15883 ,0.62042 ,6.08752 
1241 ,241.7409 ,3.16067 ,0.61015 ,5.98678 
1242 ,241.9335 ,3.16249 ,0.61699 ,6.05394 
1243 ,242.1417 ,3.16456 ,0.59988 ,5.88605 
1244 ,242.3335 ,3.16653 ,0.60330 ,5.91962 
1245 ,242.5257 ,3.16838 ,0.61015 ,5.98678 
1246 ,242.7017 ,3.17026 ,0.60330 ,5.91962 
1247 ,242.8938 ,3.17204 ,0.59988 ,5.88605 
1248 ,243.1019 ,3.17413 ,0.59646 ,5.85247 
1249 ,243.2942 ,3.17607 ,0.61357 ,6.02036 
1250 ,243.5020 ,3.17819 ,0.59988 ,5.88605 
1251 ,243.6943 ,3.18011 ,0.60330 ,5.91962 
1252 ,243.8859 ,3.18199 ,0.62042 ,6.08752 
1253 ,244.0785 ,3.18399 ,0.60673 ,5.95320 
1254 ,244.2862 ,3.18597 ,0.61699 ,6.05394 
1255 ,244.4943 ,3.18804 ,0.62384 ,6.12109 
1256 ,244.6863 ,3.19001 ,0.62726 ,6.15467 
1257 ,244.8783 ,3.19195 ,0.59988 ,5.88605 
1258 ,245.0703 ,3.19385 ,0.62042 ,6.08752 
1259 ,245.2626 ,3.19579 ,0.62042 ,6.08752 
1260 ,245.5191 ,3.19818 ,0.59988 ,5.88605 
1261 ,245.7270 ,3.20046 ,0.61357 ,6.02036 
1262 ,245.9350 ,3.20247 ,0.59988 ,5.88605 
1263 ,246.1270 ,3.20448 ,0.60330 ,5.91962 
1264 ,246.3034 ,3.20627 ,0.61357 ,6.02036 
1265 ,246.4953 ,3.20808 ,0.60673 ,5.95320 
1266 ,246.6876 ,3.21002 ,0.61699 ,6.05394 
1267 ,246.8798 ,3.21199 ,0.59646 ,5.85247 
1268 ,247.0873 ,3.21400 ,0.63068 ,6.18825 
1269 ,247.2638 ,3.21588 ,0.59646 ,5.85247 
1270 ,247.4555 ,3.21770 ,0.59304 ,5.81889 
1271 ,247.6480 ,3.21961 ,0.61015 ,5.98678 
1272 ,247.8241 ,3.22143 ,0.61357 ,6.02036 
1273 ,248.0162 ,3.22328 ,0.61357 ,6.02036 
1274 ,248.2238 ,3.22534 ,0.63068 ,6.18825 
1275 ,248.4163 ,3.22732 ,0.61699 ,6.05394 
1276 ,248.6083 ,3.22923 ,0.61699 ,6.05394 
1277 ,248.8005 ,3.23114 ,0.61015 ,5.98678 
1278 ,248.9925 ,3.23308 ,0.61699 ,6.05394 
1279 ,249.1847 ,3.23494 ,0.60330 ,5.91962 
1280 ,249.3606 ,3.23685 ,0.60673 ,5.95320 
1281 ,249.5688 ,3.23869 ,0.61699 ,6.05394 
1282 ,249.7767 ,3.24088 ,0.60673 ,5.95320 
1283 ,249.9688 ,3.24277 ,0.61357 ,6.02036 
1284 ,250.1607 ,3.24475 ,0.59988 ,5.88605 
1285 ,250.3528 ,3.24660 ,0.63068 ,6.18825 
1286 ,250.5770 ,3.24882 ,0.60330 ,5.91962 
1287 ,250.7854 ,3.25092 ,0.60673 ,5.95320 
1288 ,250.9773 ,3.25289 ,0.61015 ,5.98678 
1289 ,251.1693 ,3.25481 ,0.61357 ,6.02036 
1290 ,251.3614 ,3.25672 ,0.60673 ,5.95320 
1291 ,251.5694 ,3.25877 ,0.61015 ,5.98678 
1292 ,251.7616 ,3.26083 ,0.61357 ,6.02036 
1293 ,251.9533 ,3.26261 ,0.61699 ,6.05394 
1294 ,252.1457 ,3.26460 ,0.61015 ,5.98678 
1295 ,252.3698 ,3.26672 ,0.61699 ,6.05394 
1296 ,252.5615 ,3.26883 ,0.61357 ,6.02036 
1297 ,252.7540 ,3.27062 ,0.62042 ,6.08752 
1298 ,252.9621 ,3.27272 ,0.61015 ,5.98678 
1299 ,253.1541 ,3.27462 ,0.61015 ,5.98678 
1300 ,253.3623 ,3.27670 ,0.60330 ,5.91962 
1301 ,253.5703 ,3.27885 ,0.61699 ,6.05394 
1302 ,253.7624 ,3.28071 ,0.59646 ,5.85247 
1303 ,253.9702 ,3.28281 ,0.61699 ,6.05394 
1304 ,254.1626 ,3.28472 ,0.60330 ,5.91962 
1305 ,254.3545 ,3.28661 ,0.62042 ,6.08752 
1306 ,254.5628 ,3.28873 ,0.59988 ,5.88605 
1307 ,254.7384 ,3.29062 ,0.61699 ,6.05394 
1308 ,254.9308 ,3.29236 ,0.61699 ,6.05394 
1309 ,255.1550 ,3.29472 ,0.60673 ,5.95320 
1310 ,255.3631 ,3.29671 ,0.59988 ,5.88605 
1311 ,255.5552 ,3.29865 ,0.61357 ,6.02036 
1312 ,255.7472 ,3.30055 ,0.61699 ,6.05394 
1313 ,255.9393 ,3.30250 ,0.59304 ,5.81889 
1314 ,256.1470 ,3.30451 ,0.60673 ,5.95320 
1315 ,256.3394 ,3.30647 ,0.61357 ,6.02036 
1316 ,256.5315 ,3.30839 ,0.62726 ,6.15467 
1317 ,256.7236 ,3.31036 ,0.59646 ,5.85247 
1318 ,256.8993 ,3.31225 ,0.62384 ,6.12109 
1319 ,257.0919 ,3.31403 ,0.62384 ,6.12109 
1320 ,257.2998 ,3.31609 ,0.61699 ,6.05394 
1321 ,257.4921 ,3.31801 ,0.61357 ,6.02036 
1322 ,257.7001 ,3.31996 ,0.59304 ,5.81889 
1323 ,257.9081 ,3.32211 ,0.62384 ,6.12109 
1324 ,258.1320 ,3.32448 ,0.63068 ,6.18825 
1325 ,258.3240 ,3.32645 ,0.61699 ,6.05394 
1326 ,258.5164 ,3.32826 ,0.61357 ,6.02036 
1327 ,258.7084 ,3.33018 ,0.61015 ,5.98678 
1328 ,258.9161 ,3.33219 ,0.62042 ,6.08752 
1329 ,259.0925 ,3.33410 ,0.61699 ,6.05394 
1330 ,259.2849 ,3.33594 ,0.59988 ,5.88605 
1331 ,259.4606 ,3.33785 ,0.62726 ,6.15467 
1332 ,259.6528 ,3.33961 ,0.61357 ,6.02036 
1333 ,259.8288 ,3.34143 ,0.61699 ,6.05394 
1334 ,260.0046 ,3.34320 ,0.59646 ,5.85247 
1335 ,260.1966 ,3.34505 ,0.61015 ,5.98678 
1336 ,260.3887 ,3.34697 ,0.62042 ,6.08752 
1337 ,260.5809 ,3.34888 ,0.59646 ,5.85247 
1338 ,260.7730 ,3.35078 ,0.62042 ,6.08752 
1339 ,260.9811 ,3.35279 ,0.61357 ,6.02036 
1340 ,261.1731 ,3.35478 ,0.62042 ,6.08752 
1341 ,261.3650 ,3.35672 ,0.61015 ,5.98678 
1342 ,261.5410 ,3.35857 ,0.61357 ,6.02036 
1343 ,261.7332 ,3.36040 ,0.63410 ,6.22183 
1344 ,261.9253 ,3.36232 ,0.59646 ,5.85247 
1345 ,262.1014 ,3.36418 ,0.61357 ,6.02036 
1346 ,262.2936 ,3.36598 ,0.62726 ,6.15467 
1347 ,262.4857 ,3.36792 ,0.61015 ,5.98678 
1348 ,262.6616 ,3.36980 ,0.62726 ,6.15467 
1349 ,262.8538 ,3.37159 ,0.62384 ,6.12109 
1350 ,263.0298 ,3.37347 ,0.60330 ,5.91962 
1351 ,263.2219 ,3.37526 ,0.60673 ,5.95320 
1352 ,263.3979 ,3.37716 ,0.62042 ,6.08752 
1353 ,263.5901 ,3.37895 ,0.61699 ,6.05394 
1354 ,263.7821 ,3.38084 ,0.61015 ,5.98678 
1355 ,263.9742 ,3.38277 ,0.61699 ,6.05394 
1356 ,264.1502 ,3.38468 ,0.60330 ,5.91962 
1357 ,264.3424 ,3.38647 ,0.61015 ,5.98678 
1358 ,264.5345 ,3.38837 ,0.62042 ,6.08752 
1359 ,264.7429 ,3.39044 ,0.61015 ,5.98678 
1360 ,264.9349 ,3.39245 ,0.63068 ,6.18825 
1361 ,265.1270 ,3.39439 ,0.61015 ,5.98678 
1362 ,265.3191 ,3.39627 ,0.61357 ,6.02036 
1363 ,265.5108 ,3.39826 ,0.59988 ,5.88605 
1364 ,265.7029 ,3.40011 ,0.60673 ,5.95320 
1365 ,265.8954 ,3.40201 ,0.61357 ,6.02036 
1366 ,266.1035 ,3.40412 ,0.61699 ,6.05394 
1367 ,266.2953 ,3.40599 ,0.63068 ,6.18825 
1368 ,266.4876 ,3.40790 ,0.61357 ,6.02036 
1369 ,266.6635 ,3.40978 ,0.62726 ,6.15467 
1370 ,266.8397 ,3.41156 ,0.61357 ,6.02036 
1371 ,267.0318 ,3.41332 ,0.62384 ,6.12109 
1372 ,267.2239 ,3.41529 ,0.61357 ,6.02036 
1373 ,267.4319 ,3.41739 ,0.60673 ,5.95320 
1374 ,267.6078 ,3.41916 ,0.61015 ,5.98678 
1375 ,267.8001 ,3.42109 ,0.61699 ,6.05394 
1376 ,267.9923 ,3.42301 ,0.61699 ,6.05394 
1377 ,268.1843 ,3.42489 ,0.61015 ,5.98678 
1378 ,268.3760 ,3.42680 ,0.62042 ,6.08752 
1379 ,268.5684 ,3.42868 ,0.60673 ,5.95320 
1380 ,268.7601 ,3.43059 ,0.62726 ,6.15467 
1381 ,268.9526 ,3.43257 ,0.63068 ,6.18825 
1382 ,269.1607 ,3.43464 ,0.62384 ,6.12109 
1383 ,269.3688 ,3.43677 ,0.62042 ,6.08752 
1384 ,269.5609 ,3.43871 ,0.61699 ,6.05394 
1385 ,269.7369 ,3.44053 ,0.62726 ,6.15467 
1386 ,269.9130 ,3.44228 ,0.60330 ,5.91962 
1387 ,270.1211 ,3.44413 ,0.60673 ,5.95320 
1388 ,270.3132 ,3.44617 ,0.62726 ,6.15467 
1389 ,270.5052 ,3.44804 ,0.62384 ,6.12109 
1390 ,270.6974 ,3.44996 ,0.62042 ,6.08752 
1391 ,270.8894 ,3.45197 ,0.60673 ,5.95320 
1392 ,271.0976 ,3.45398 ,0.62384 ,6.12109 
1393 ,271.3054 ,3.45608 ,0.62042 ,6.08752 
1394 ,271.4977 ,3.45802 ,0.63410 ,6.22183 
1395 ,271.6895 ,3.45995 ,0.61357 ,6.02036 
1396 ,271.8820 ,3.46187 ,0.62384 ,6.12109 
1397 ,272.0896 ,3.46394 ,0.60673 ,5.95320 
1398 ,272.2979 ,3.46598 ,0.62042 ,6.08752 
1399 ,272.4741 ,3.46790 ,0.61699 ,6.05394 
1400 ,272.6661 ,3.46971 ,0.59988 ,5.88605 
1401 ,272.8582 ,3.47162 ,0.62726 ,6.15467 
1402 ,273.0503 ,3.47359 ,0.60330 ,5.91962 
1403 ,273.2423 ,3.47548 ,0.61015 ,5.98678 
1404 ,273.4344 ,3.47745 ,0.61699 ,6.05394 
1405 ,273.6264 ,3.47930 ,0.60330 ,5.91962 
1406 ,273.8186 ,3.48124 ,0.63410 ,6.22183 
1407 ,274.0106 ,3.48315 ,0.61357 ,6.02036 
1408 ,274.1863 ,3.48493 ,0.61699 ,6.05394 
1409 ,274.3790 ,3.48684 ,0.63068 ,6.18825 
1410 ,274.5870 ,3.48886 ,0.61699 ,6.05394 
1411 ,274.7792 ,3.49086 ,0.62384 ,6.12109 
1412 ,274.9711 ,3.49279 ,0.60673 ,5.95320 
1413 ,275.1789 ,3.49485 ,0.63410 ,6.22183 
1414 ,275.3713 ,3.49665 ,0.59988 ,5.88605 
1415 ,275.5791 ,3.49818 ,0.61015 ,5.98678 
1416 ,275.7874 ,3.49926 ,0.61015 ,5.98678 
1417 ,275.9789 ,3.49981 ,0.62726 ,6.15467 
1418 ,276.1876 ,3.49999 ,0.61699 ,6.05394 
