Data stamp = , 26-04-2022 05:32:58 870

Calibration Values: 
Slope = , 26.54 , g/V 
Offset Voltage at no contact = , -0.501760 , V 

No , Time , Stage Position ,   Mass , Force 
   ,  (s) ,      (mm)      ,   (g)  , (mN)  

1 ,0.0000 ,0.74939 ,5.25745 ,51.58611 
2 ,0.2094 ,0.74948 ,5.24034 ,51.41822 
3 ,0.6095 ,0.75066 ,5.25403 ,51.55254 
4 ,0.8178 ,0.75233 ,5.24718 ,51.48538 
5 ,1.0416 ,0.75450 ,5.25745 ,51.58611 
6 ,1.2338 ,0.75635 ,5.24034 ,51.41822 
7 ,1.4100 ,0.75818 ,5.25745 ,51.58611 
8 ,1.6023 ,0.76007 ,5.25745 ,51.58611 
9 ,1.7944 ,0.76205 ,5.23007 ,51.31749 
10 ,1.9866 ,0.76388 ,5.20270 ,51.04886 
11 ,2.1786 ,0.76590 ,5.21639 ,51.18317 
12 ,2.3707 ,0.76786 ,5.17190 ,50.74666 
13 ,2.5627 ,0.76979 ,5.16505 ,50.67950 
14 ,2.7388 ,0.77151 ,5.15136 ,50.54519 
15 ,2.9148 ,0.77329 ,5.14110 ,50.44445 
16 ,3.1069 ,0.77519 ,5.11030 ,50.14225 
17 ,3.2989 ,0.77707 ,5.10345 ,50.07509 
18 ,3.4751 ,0.77889 ,5.08977 ,49.94078 
19 ,3.6671 ,0.78074 ,5.06239 ,49.67215 
20 ,3.8907 ,0.78287 ,5.02817 ,49.33637 
21 ,4.0828 ,0.78488 ,5.02474 ,49.30279 
22 ,4.2589 ,0.78679 ,4.99737 ,49.03416 
23 ,4.4673 ,0.78863 ,4.98368 ,48.89985 
24 ,4.6755 ,0.79091 ,4.96999 ,48.76554 
25 ,4.8677 ,0.79272 ,4.94946 ,48.56407 
26 ,5.0599 ,0.79469 ,4.93919 ,48.46333 
27 ,5.2678 ,0.79674 ,4.90497 ,48.12755 
28 ,5.4438 ,0.79854 ,4.88101 ,47.89250 
29 ,5.6199 ,0.80030 ,4.88786 ,47.95966 
30 ,5.8120 ,0.80221 ,4.83995 ,47.48956 
31 ,6.0042 ,0.80415 ,4.84679 ,47.55672 
32 ,6.1963 ,0.80610 ,4.82968 ,47.38883 
33 ,6.4043 ,0.80807 ,4.79204 ,47.01946 
34 ,6.6123 ,0.81012 ,4.77835 ,46.88515 
35 ,6.8045 ,0.81209 ,4.77835 ,46.88515 
36 ,7.0286 ,0.81439 ,4.73044 ,46.41506 
37 ,7.2367 ,0.81644 ,4.73044 ,46.41506 
38 ,7.4448 ,0.81848 ,4.71333 ,46.24716 
39 ,7.6529 ,0.82059 ,4.68253 ,45.94496 
40 ,7.8448 ,0.82248 ,4.67226 ,45.84422 
41 ,8.0370 ,0.82448 ,4.65857 ,45.70991 
42 ,8.2286 ,0.82638 ,4.61751 ,45.30697 
43 ,8.4051 ,0.82817 ,4.60382 ,45.17266 
44 ,8.5972 ,0.83008 ,4.60724 ,45.20624 
45 ,8.7730 ,0.83183 ,4.57986 ,44.93761 
46 ,8.9654 ,0.83366 ,4.57986 ,44.93761 
47 ,9.1572 ,0.83557 ,4.55249 ,44.66898 
48 ,9.3491 ,0.83751 ,4.52511 ,44.40036 
49 ,9.5255 ,0.83939 ,4.50115 ,44.16531 
50 ,9.7177 ,0.84124 ,4.50115 ,44.16531 
51 ,9.9096 ,0.84325 ,4.47720 ,43.93026 
52 ,10.0855 ,0.84500 ,4.45666 ,43.72879 
53 ,10.2779 ,0.84687 ,4.45324 ,43.69521 
54 ,10.4540 ,0.84869 ,4.43955 ,43.56090 
55 ,10.6459 ,0.85053 ,4.41902 ,43.35943 
56 ,10.8220 ,0.85235 ,4.39507 ,43.12438 
57 ,11.0142 ,0.85417 ,4.39164 ,43.09080 
58 ,11.1903 ,0.85601 ,4.35742 ,42.75502 
59 ,11.3822 ,0.85784 ,4.36427 ,42.82218 
60 ,11.5905 ,0.85993 ,4.33004 ,42.48639 
61 ,11.7985 ,0.86201 ,4.33004 ,42.48639 
62 ,11.9746 ,0.86384 ,4.30609 ,42.25135 
63 ,12.1827 ,0.86592 ,4.27871 ,41.98272 
64 ,12.3907 ,0.86793 ,4.24449 ,41.64694 
65 ,12.5669 ,0.86978 ,4.23422 ,41.54620 
66 ,12.7428 ,0.87149 ,4.22396 ,41.44547 
67 ,12.9511 ,0.87345 ,4.22053 ,41.41189 
68 ,13.1592 ,0.87557 ,4.19316 ,41.14326 
69 ,13.3513 ,0.87757 ,4.16236 ,40.84106 
70 ,13.5433 ,0.87947 ,4.15209 ,40.74032 
71 ,13.7352 ,0.88140 ,4.15209 ,40.74032 
72 ,13.9275 ,0.88338 ,4.10760 ,40.30380 
73 ,14.1195 ,0.88523 ,4.11445 ,40.37096 
74 ,14.3116 ,0.88714 ,4.08707 ,40.10233 
75 ,14.5036 ,0.88902 ,4.07338 ,39.96802 
76 ,14.6794 ,0.89087 ,4.04600 ,39.69940 
77 ,14.8878 ,0.89283 ,4.03916 ,39.63224 
78 ,15.1120 ,0.89514 ,4.01520 ,39.39719 
79 ,15.3039 ,0.89711 ,3.99809 ,39.22930 
80 ,15.4961 ,0.89904 ,3.99809 ,39.22930 
81 ,15.6881 ,0.90092 ,3.96045 ,38.85994 
82 ,15.9119 ,0.90312 ,3.94676 ,38.72562 
83 ,16.1204 ,0.90511 ,3.93650 ,38.62489 
84 ,16.3123 ,0.90714 ,3.90912 ,38.35626 
85 ,16.4884 ,0.90898 ,3.88516 ,38.12122 
86 ,16.6646 ,0.91074 ,3.86463 ,37.91975 
87 ,16.8563 ,0.91262 ,3.86805 ,37.95332 
88 ,17.0487 ,0.91450 ,3.83041 ,37.58396 
89 ,17.2408 ,0.91651 ,3.82014 ,37.48323 
90 ,17.4326 ,0.91829 ,3.80303 ,37.31534 
91 ,17.6089 ,0.92018 ,3.79276 ,37.21460 
92 ,17.8010 ,0.92205 ,3.77908 ,37.08029 
93 ,17.9927 ,0.92393 ,3.76881 ,36.97955 
94 ,18.1852 ,0.92582 ,3.72774 ,36.57661 
95 ,18.3773 ,0.92787 ,3.72774 ,36.57661 
96 ,18.5532 ,0.92961 ,3.71405 ,36.44230 
97 ,18.7454 ,0.93141 ,3.68668 ,36.17367 
98 ,18.9373 ,0.93339 ,3.67641 ,36.07294 
99 ,19.0972 ,0.93517 ,3.66614 ,35.97220 
100 ,19.2736 ,0.93679 ,3.65588 ,35.87147 
101 ,19.4656 ,0.93867 ,3.60797 ,35.40137 
102 ,19.6419 ,0.94046 ,3.60112 ,35.33422 
103 ,19.8339 ,0.94240 ,3.59770 ,35.30064 
104 ,20.0419 ,0.94439 ,3.56690 ,34.99843 
105 ,20.2178 ,0.94625 ,3.56348 ,34.96485 
106 ,20.3941 ,0.94802 ,3.55321 ,34.86412 
107 ,20.5862 ,0.94986 ,3.52584 ,34.59549 
108 ,20.8102 ,0.95202 ,3.51557 ,34.49476 
109 ,20.9863 ,0.95393 ,3.48135 ,34.15898 
110 ,21.1783 ,0.95578 ,3.47450 ,34.09182 
111 ,21.3704 ,0.95772 ,3.45739 ,33.92393 
112 ,21.5786 ,0.95976 ,3.44370 ,33.78961 
113 ,21.7546 ,0.96164 ,3.42317 ,33.58814 
114 ,21.9307 ,0.96334 ,3.41633 ,33.52099 
115 ,22.1068 ,0.96512 ,3.37526 ,33.11805 
116 ,22.2827 ,0.96687 ,3.35473 ,32.91658 
117 ,22.4909 ,0.96891 ,3.36499 ,33.01731 
118 ,22.6992 ,0.97099 ,3.33419 ,32.71511 
119 ,22.8912 ,0.97287 ,3.31366 ,32.51364 
120 ,23.0831 ,0.97486 ,3.29997 ,32.37933 
121 ,23.2754 ,0.97671 ,3.28286 ,32.21143 
122 ,23.4672 ,0.97871 ,3.26575 ,32.04354 
123 ,23.6434 ,0.98044 ,3.23495 ,31.74134 
124 ,23.8357 ,0.98231 ,3.23837 ,31.77492 
125 ,24.0437 ,0.98433 ,3.21100 ,31.50629 
126 ,24.2357 ,0.98630 ,3.21100 ,31.50629 
127 ,24.4275 ,0.98827 ,3.18362 ,31.23766 
128 ,24.6198 ,0.99021 ,3.15966 ,31.00262 
129 ,24.8120 ,0.99220 ,3.14255 ,30.83472 
130 ,25.0041 ,0.99398 ,3.13229 ,30.73399 
131 ,25.2121 ,0.99611 ,3.12544 ,30.66683 
132 ,25.3883 ,0.99794 ,3.11175 ,30.53252 
133 ,25.5799 ,0.99996 ,3.08095 ,30.23031 
134 ,25.7724 ,1.00172 ,3.07753 ,30.19674 
135 ,25.9645 ,1.00372 ,3.04331 ,29.86095 
136 ,26.1405 ,1.00545 ,3.01935 ,29.62590 
137 ,26.3166 ,1.00717 ,3.02278 ,29.65948 
138 ,26.5086 ,1.00917 ,2.98171 ,29.25654 
139 ,26.7003 ,1.01099 ,2.95776 ,29.02150 
140 ,26.8767 ,1.01283 ,2.96802 ,29.12223 
141 ,27.0848 ,1.01484 ,2.93380 ,28.78645 
142 ,27.2612 ,1.01666 ,2.92696 ,28.71929 
143 ,27.4692 ,1.01869 ,2.91327 ,28.58498 
144 ,27.6772 ,1.02070 ,2.90300 ,28.48424 
145 ,27.8531 ,1.02258 ,2.88589 ,28.31635 
146 ,28.0614 ,1.02462 ,2.85167 ,27.98057 
147 ,28.2374 ,1.02640 ,2.83456 ,27.81268 
148 ,28.4293 ,1.02831 ,2.83114 ,27.77910 
149 ,28.6217 ,1.03019 ,2.80376 ,27.51047 
150 ,28.8294 ,1.03228 ,2.78665 ,27.34258 
151 ,29.0219 ,1.03424 ,2.76611 ,27.14111 
152 ,29.2299 ,1.03623 ,2.75243 ,27.00680 
153 ,29.4219 ,1.03823 ,2.73531 ,26.83891 
154 ,29.6139 ,1.04014 ,2.73189 ,26.80533 
155 ,29.8221 ,1.04211 ,2.69767 ,26.46954 
156 ,30.0140 ,1.04422 ,2.68398 ,26.33523 
157 ,30.1902 ,1.04594 ,2.69083 ,26.40239 
158 ,30.3665 ,1.04771 ,2.66687 ,26.16734 
159 ,30.5744 ,1.04973 ,2.65318 ,26.03303 
160 ,30.7825 ,1.05179 ,2.61554 ,25.66367 
161 ,30.9585 ,1.05359 ,2.59843 ,25.49577 
162 ,31.1506 ,1.05547 ,2.60185 ,25.52935 
163 ,31.3424 ,1.05744 ,2.57789 ,25.29430 
164 ,31.5187 ,1.05922 ,2.55394 ,25.05926 
165 ,31.7109 ,1.06106 ,2.55394 ,25.05926 
166 ,31.8867 ,1.06289 ,2.54025 ,24.92494 
167 ,32.0788 ,1.06482 ,2.50945 ,24.62274 
168 ,32.2872 ,1.06680 ,2.50603 ,24.58916 
169 ,32.4950 ,1.06891 ,2.47865 ,24.32053 
170 ,32.6873 ,1.07087 ,2.45812 ,24.11906 
171 ,32.8634 ,1.07264 ,2.44443 ,23.98475 
172 ,33.0555 ,1.07448 ,2.43759 ,23.91759 
173 ,33.2310 ,1.07636 ,2.40336 ,23.58181 
174 ,33.4233 ,1.07820 ,2.39310 ,23.48108 
175 ,33.6157 ,1.08008 ,2.38625 ,23.41392 
176 ,33.8236 ,1.08222 ,2.35203 ,23.07814 
177 ,34.0159 ,1.08407 ,2.36230 ,23.17887 
178 ,34.2239 ,1.08620 ,2.32123 ,22.77593 
179 ,34.3999 ,1.08811 ,2.31097 ,22.67520 
180 ,34.6081 ,1.08993 ,2.29728 ,22.54088 
181 ,34.8002 ,1.09197 ,2.26990 ,22.27226 
182 ,34.9923 ,1.09391 ,2.26306 ,22.20510 
183 ,35.1841 ,1.09575 ,2.23910 ,21.97005 
184 ,35.3920 ,1.09783 ,2.23910 ,21.97005 
185 ,35.5845 ,1.09981 ,2.22199 ,21.80216 
186 ,35.7764 ,1.10168 ,2.20488 ,21.63427 
187 ,35.9688 ,1.10363 ,2.18092 ,21.39922 
188 ,36.1606 ,1.10563 ,2.16039 ,21.19775 
189 ,36.3367 ,1.10738 ,2.14328 ,21.02986 
190 ,36.5124 ,1.10908 ,2.13644 ,20.96270 
191 ,36.7048 ,1.11099 ,2.12617 ,20.86197 
192 ,36.9129 ,1.11296 ,2.09879 ,20.59334 
193 ,37.0891 ,1.11488 ,2.09195 ,20.52619 
194 ,37.2812 ,1.11674 ,2.06457 ,20.25756 
195 ,37.4893 ,1.11883 ,2.05773 ,20.19040 
196 ,37.6813 ,1.12073 ,2.03035 ,19.92178 
197 ,37.8577 ,1.12258 ,2.02350 ,19.85462 
198 ,38.0656 ,1.12459 ,2.02008 ,19.82104 
199 ,38.2577 ,1.12653 ,1.97902 ,19.41810 
200 ,38.4335 ,1.12840 ,1.98244 ,19.45168 
201 ,38.6096 ,1.13006 ,1.96190 ,19.25021 
202 ,38.8178 ,1.13203 ,1.94137 ,19.04874 
203 ,39.0258 ,1.13421 ,1.95164 ,19.14948 
204 ,39.2017 ,1.13602 ,1.91742 ,18.81369 
205 ,39.3781 ,1.13777 ,1.90031 ,18.64580 
206 ,39.5702 ,1.13966 ,1.89004 ,18.54507 
207 ,39.7782 ,1.14170 ,1.86266 ,18.27644 
208 ,39.9861 ,1.14380 ,1.85924 ,18.24286 
209 ,40.1943 ,1.14590 ,1.84213 ,18.07497 
210 ,40.3705 ,1.14771 ,1.82844 ,17.94066 
211 ,40.5632 ,1.14955 ,1.80106 ,17.67203 
212 ,40.7387 ,1.15144 ,1.79764 ,17.63845 
213 ,40.9145 ,1.15312 ,1.76342 ,17.30267 
214 ,41.1065 ,1.15504 ,1.78053 ,17.47056 
215 ,41.2988 ,1.15692 ,1.73946 ,17.06762 
216 ,41.4908 ,1.15884 ,1.74631 ,17.13478 
217 ,41.6829 ,1.16081 ,1.72235 ,16.89973 
218 ,41.8749 ,1.16269 ,1.70866 ,16.76542 
219 ,42.0672 ,1.16460 ,1.69840 ,16.66468 
220 ,42.2588 ,1.16663 ,1.68813 ,16.56395 
221 ,42.4513 ,1.16839 ,1.67102 ,16.39605 
222 ,42.6594 ,1.17050 ,1.64707 ,16.16101 
223 ,42.8354 ,1.17236 ,1.65391 ,16.22816 
224 ,43.0111 ,1.17405 ,1.62653 ,15.95954 
225 ,43.2034 ,1.17596 ,1.60942 ,15.79164 
226 ,43.3954 ,1.17785 ,1.59573 ,15.65733 
227 ,43.5878 ,1.17982 ,1.57862 ,15.48944 
228 ,43.7797 ,1.18173 ,1.57178 ,15.42228 
229 ,43.9718 ,1.18365 ,1.54782 ,15.18724 
230 ,44.1479 ,1.18544 ,1.55467 ,15.25439 
231 ,44.3236 ,1.18718 ,1.54098 ,15.12008 
232 ,44.5001 ,1.18896 ,1.51360 ,14.85145 
233 ,44.6918 ,1.19088 ,1.50676 ,14.78430 
234 ,44.8843 ,1.19276 ,1.48965 ,14.61640 
235 ,45.0764 ,1.19474 ,1.46569 ,14.38136 
236 ,45.2840 ,1.19676 ,1.47253 ,14.44851 
237 ,45.4925 ,1.19881 ,1.44858 ,14.21346 
238 ,45.6687 ,1.20068 ,1.43489 ,14.07915 
239 ,45.8606 ,1.20263 ,1.41094 ,13.84410 
240 ,46.0368 ,1.20435 ,1.40409 ,13.77695 
241 ,46.2284 ,1.20630 ,1.38698 ,13.60906 
242 ,46.4365 ,1.20817 ,1.38014 ,13.54190 
243 ,46.6290 ,1.21018 ,1.37671 ,13.50832 
244 ,46.8370 ,1.21219 ,1.34591 ,13.20612 
245 ,47.0291 ,1.21422 ,1.34591 ,13.20612 
246 ,47.2212 ,1.21610 ,1.32196 ,12.97107 
247 ,47.4128 ,1.21801 ,1.32196 ,12.97107 
248 ,47.6053 ,1.21992 ,1.30143 ,12.76960 
249 ,47.7814 ,1.22178 ,1.27747 ,12.53455 
250 ,47.9733 ,1.22366 ,1.26036 ,12.36666 
251 ,48.1658 ,1.22556 ,1.26036 ,12.36666 
252 ,48.3734 ,1.22761 ,1.26036 ,12.36666 
253 ,48.5656 ,1.22958 ,1.22956 ,12.06445 
254 ,48.7580 ,1.23156 ,1.21245 ,11.89656 
255 ,48.9499 ,1.23338 ,1.20561 ,11.82941 
256 ,49.1260 ,1.23523 ,1.20218 ,11.79583 
257 ,49.3181 ,1.23701 ,1.18507 ,11.62794 
258 ,49.5098 ,1.23897 ,1.17823 ,11.56078 
259 ,49.6863 ,1.24079 ,1.15770 ,11.35931 
260 ,49.8939 ,1.24283 ,1.13374 ,11.12426 
261 ,50.0704 ,1.24467 ,1.13032 ,11.09068 
262 ,50.2627 ,1.24656 ,1.11663 ,10.95637 
263 ,50.4545 ,1.24847 ,1.09952 ,10.78848 
264 ,50.6626 ,1.25048 ,1.07899 ,10.58701 
265 ,50.8547 ,1.25245 ,1.06530 ,10.45270 
266 ,51.0468 ,1.25431 ,1.06187 ,10.41912 
267 ,51.2389 ,1.25631 ,1.03450 ,10.15049 
268 ,51.4469 ,1.25835 ,1.03792 ,10.18407 
269 ,51.6227 ,1.26020 ,1.02423 ,10.04976 
270 ,51.8151 ,1.26205 ,1.00370 ,9.84829 
271 ,52.0232 ,1.26411 ,0.98659 ,9.68039 
272 ,52.2314 ,1.26621 ,0.98659 ,9.68039 
273 ,52.4232 ,1.26815 ,0.96948 ,9.51250 
274 ,52.6153 ,1.27006 ,0.95237 ,9.34461 
275 ,52.7915 ,1.27181 ,0.93525 ,9.17672 
276 ,52.9678 ,1.27363 ,0.93183 ,9.14314 
277 ,53.1596 ,1.27549 ,0.90446 ,8.87451 
278 ,53.3358 ,1.27736 ,0.89419 ,8.77378 
279 ,53.5279 ,1.27914 ,0.90446 ,8.87451 
280 ,53.7199 ,1.28108 ,0.86681 ,8.50515 
281 ,53.8959 ,1.28290 ,0.85312 ,8.37084 
282 ,54.0880 ,1.28481 ,0.85997 ,8.43800 
283 ,54.2801 ,1.28669 ,0.83943 ,8.23653 
284 ,54.4561 ,1.28855 ,0.81890 ,8.03506 
285 ,54.6483 ,1.29030 ,0.82917 ,8.13579 
286 ,54.8402 ,1.29231 ,0.79152 ,7.76643 
287 ,55.0483 ,1.29435 ,0.80521 ,7.90074 
288 ,55.2566 ,1.29647 ,0.78126 ,7.66570 
289 ,55.4647 ,1.29851 ,0.77099 ,7.56496 
290 ,55.6406 ,1.30037 ,0.74019 ,7.26276 
291 ,55.8326 ,1.30218 ,0.75388 ,7.39707 
292 ,56.0247 ,1.30409 ,0.72650 ,7.12844 
293 ,56.2168 ,1.30612 ,0.70597 ,6.92697 
294 ,56.4091 ,1.30801 ,0.71624 ,7.02771 
295 ,56.6012 ,1.30995 ,0.68544 ,6.72550 
296 ,56.7930 ,1.31181 ,0.68201 ,6.69193 
297 ,56.9852 ,1.31370 ,0.67517 ,6.62477 
298 ,57.1774 ,1.31562 ,0.64779 ,6.35614 
299 ,57.3695 ,1.31759 ,0.64779 ,6.35614 
300 ,57.5615 ,1.31945 ,0.62384 ,6.12109 
301 ,57.7376 ,1.32130 ,0.61015 ,5.98678 
302 ,57.9291 ,1.32315 ,0.62042 ,6.08752 
303 ,58.1213 ,1.32509 ,0.59646 ,5.85247 
304 ,58.3298 ,1.32708 ,0.58962 ,5.78531 
305 ,58.5379 ,1.32919 ,0.56908 ,5.58384 
306 ,58.7300 ,1.33119 ,0.57935 ,5.68458 
307 ,58.9218 ,1.33310 ,0.54513 ,5.34879 
308 ,59.0981 ,1.33489 ,0.53486 ,5.24806 
309 ,59.2742 ,1.33662 ,0.51433 ,5.04659 
310 ,59.4502 ,1.33840 ,0.51091 ,5.01301 
311 ,59.6424 ,1.34028 ,0.50406 ,4.94585 
312 ,59.8345 ,1.34219 ,0.49037 ,4.81154 
313 ,60.0263 ,1.34410 ,0.49380 ,4.84512 
314 ,60.2182 ,1.34602 ,0.45957 ,4.50934 
315 ,60.4108 ,1.34793 ,0.45273 ,4.44218 
316 ,60.6187 ,1.34999 ,0.43220 ,4.24071 
317 ,60.8109 ,1.35194 ,0.42877 ,4.20713 
318 ,61.0185 ,1.35403 ,0.42193 ,4.13997 
319 ,61.1785 ,1.35579 ,0.40140 ,3.93850 
320 ,61.3548 ,1.35747 ,0.38771 ,3.80419 
321 ,61.5469 ,1.35939 ,0.39797 ,3.90493 
322 ,61.7553 ,1.36140 ,0.37744 ,3.70346 
323 ,61.9310 ,1.36327 ,0.37402 ,3.66988 
324 ,62.1074 ,1.36497 ,0.35691 ,3.50199 
325 ,62.2832 ,1.36674 ,0.36375 ,3.56914 
326 ,62.4592 ,1.36856 ,0.32953 ,3.23336 
327 ,62.6352 ,1.37031 ,0.31926 ,3.13263 
328 ,62.8277 ,1.37216 ,0.32611 ,3.19978 
329 ,63.0197 ,1.37404 ,0.29873 ,2.93116 
330 ,63.2118 ,1.37592 ,0.29531 ,2.89758 
331 ,63.4199 ,1.37796 ,0.30215 ,2.96473 
332 ,63.6119 ,1.37994 ,0.28162 ,2.76326 
333 ,63.8039 ,1.38189 ,0.27478 ,2.69611 
334 ,63.9961 ,1.38380 ,0.24055 ,2.36032 
335 ,64.1883 ,1.38570 ,0.25082 ,2.46106 
336 ,64.3798 ,1.38764 ,0.23371 ,2.29317 
337 ,64.5718 ,1.38955 ,0.20633 ,2.02454 
338 ,64.7639 ,1.39147 ,0.21318 ,2.09170 
339 ,64.9565 ,1.39339 ,0.19264 ,1.89023 
340 ,65.1807 ,1.39561 ,0.18238 ,1.78949 
341 ,65.3726 ,1.39753 ,0.16185 ,1.58802 
342 ,65.5650 ,1.39944 ,0.17553 ,1.72234 
343 ,65.7409 ,1.40132 ,0.14131 ,1.38655 
344 ,65.9010 ,1.40304 ,0.13789 ,1.35298 
345 ,66.0771 ,1.40468 ,0.12420 ,1.21866 
346 ,66.2532 ,1.40640 ,0.10709 ,1.05077 
347 ,66.4452 ,1.40826 ,0.11736 ,1.15151 
348 ,66.6533 ,1.41035 ,0.08656 ,0.84930 
349 ,66.8614 ,1.41242 ,0.08314 ,0.81572 
350 ,67.0214 ,1.41422 ,0.06602 ,0.64783 
351 ,67.2135 ,1.41594 ,0.06602 ,0.64783 
352 ,67.3894 ,1.41778 ,0.06945 ,0.68141 
353 ,67.5817 ,1.41964 ,0.07287 ,0.71499 
354 ,67.7897 ,1.42173 ,0.04207 ,0.41278 
355 ,67.9819 ,1.42361 ,0.03180 ,0.31205 
356 ,68.1898 ,1.42574 ,0.02154 ,0.21131 
357 ,68.3822 ,1.42763 ,0.00785 ,0.07700 
358 ,68.5740 ,1.42957 ,0.00100 ,0.00984 
359 ,68.7823 ,1.43160 ,-0.00926 ,-0.09089 
360 ,68.9742 ,1.43354 ,-0.04006 ,-0.39310 
361 ,69.1823 ,1.43562 ,-0.02637 ,-0.25878 
362 ,69.3745 ,1.43759 ,-0.05033 ,-0.49383 
363 ,69.5826 ,1.43966 ,-0.05033 ,-0.49383 
364 ,69.7907 ,1.44173 ,-0.06060 ,-0.59457 
365 ,69.9984 ,1.44374 ,-0.06744 ,-0.66172 
366 ,70.1908 ,1.44575 ,-0.08797 ,-0.86319 
367 ,70.3988 ,1.44783 ,-0.10166 ,-0.99751 
368 ,70.5909 ,1.44971 ,-0.09824 ,-0.96393 
369 ,70.7669 ,1.45155 ,-0.10166 ,-0.99751 
370 ,70.9591 ,1.45339 ,-0.11193 ,-1.09824 
371 ,71.1351 ,1.45519 ,-0.14273 ,-1.40045 
372 ,71.3271 ,1.45713 ,-0.13588 ,-1.33329 
373 ,71.5193 ,1.45900 ,-0.15984 ,-1.56834 
374 ,71.7272 ,1.46107 ,-0.16326 ,-1.60191 
375 ,71.9034 ,1.46288 ,-0.16668 ,-1.63549 
376 ,72.0955 ,1.46473 ,-0.18722 ,-1.83696 
377 ,72.2874 ,1.46674 ,-0.19064 ,-1.87054 
378 ,72.4796 ,1.46862 ,-0.22144 ,-2.17275 
379 ,72.6558 ,1.47046 ,-0.21802 ,-2.13917 
380 ,72.8479 ,1.47223 ,-0.21117 ,-2.07201 
381 ,73.0399 ,1.47419 ,-0.23513 ,-2.30706 
382 ,73.2316 ,1.47610 ,-0.25566 ,-2.50853 
383 ,73.4239 ,1.47803 ,-0.24539 ,-2.40779 
384 ,73.6000 ,1.47990 ,-0.26250 ,-2.57569 
385 ,73.8083 ,1.48187 ,-0.26593 ,-2.60926 
386 ,74.0002 ,1.48379 ,-0.28646 ,-2.81073 
387 ,74.1924 ,1.48582 ,-0.28646 ,-2.81073 
388 ,74.3684 ,1.48758 ,-0.30357 ,-2.97863 
389 ,74.5445 ,1.48927 ,-0.30015 ,-2.94505 
390 ,74.7366 ,1.49115 ,-0.32752 ,-3.21367 
391 ,74.9126 ,1.49297 ,-0.33437 ,-3.28083 
392 ,75.1048 ,1.49485 ,-0.33095 ,-3.24725 
393 ,75.3127 ,1.49690 ,-0.36517 ,-3.58303 
394 ,75.4888 ,1.49879 ,-0.34806 ,-3.41514 
395 ,75.6650 ,1.50051 ,-0.35490 ,-3.48230 
396 ,75.8409 ,1.50226 ,-0.36859 ,-3.61661 
397 ,76.1770 ,1.50488 ,-0.37886 ,-3.71735 
398 ,76.3534 ,1.50736 ,-0.40966 ,-4.01955 
399 ,76.5450 ,1.50920 ,-0.38570 ,-3.78450 
400 ,76.7214 ,1.51106 ,-0.41992 ,-4.12029 
401 ,76.8975 ,1.51283 ,-0.43019 ,-4.22102 
402 ,77.0734 ,1.51458 ,-0.45414 ,-4.45607 
403 ,77.2658 ,1.51643 ,-0.43019 ,-4.22102 
404 ,77.4577 ,1.51837 ,-0.46441 ,-4.55681 
405 ,77.6338 ,1.52014 ,-0.47126 ,-4.62396 
406 ,77.8419 ,1.52217 ,-0.47810 ,-4.69112 
407 ,78.0340 ,1.52411 ,-0.49521 ,-4.85901 
408 ,78.2260 ,1.52609 ,-0.48494 ,-4.75828 
409 ,78.4021 ,1.52785 ,-0.48837 ,-4.79185 
410 ,78.5939 ,1.52970 ,-0.51917 ,-5.09406 
411 ,78.7864 ,1.53172 ,-0.50890 ,-4.99332 
412 ,78.9780 ,1.53360 ,-0.52943 ,-5.19479 
413 ,79.1544 ,1.53536 ,-0.54654 ,-5.36268 
414 ,79.3622 ,1.53743 ,-0.54654 ,-5.36268 
415 ,79.5543 ,1.53931 ,-0.55681 ,-5.46342 
416 ,79.7465 ,1.54122 ,-0.56708 ,-5.56415 
417 ,79.9389 ,1.54323 ,-0.58077 ,-5.69847 
418 ,80.1309 ,1.54508 ,-0.58077 ,-5.69847 
419 ,80.3228 ,1.54698 ,-0.59103 ,-5.79920 
420 ,80.5152 ,1.54889 ,-0.60472 ,-5.93352 
421 ,80.7071 ,1.55080 ,-0.59788 ,-5.86636 
422 ,80.8993 ,1.55279 ,-0.62525 ,-6.13499 
423 ,81.1074 ,1.55483 ,-0.61156 ,-6.00067 
424 ,81.2992 ,1.55677 ,-0.64921 ,-6.37003 
425 ,81.4755 ,1.55859 ,-0.65263 ,-6.40361 
426 ,81.6675 ,1.56040 ,-0.63210 ,-6.20214 
427 ,81.8432 ,1.56227 ,-0.64579 ,-6.33646 
428 ,82.0357 ,1.56409 ,-0.68001 ,-6.67224 
429 ,82.2276 ,1.56606 ,-0.65263 ,-6.40361 
430 ,82.4199 ,1.56798 ,-0.69370 ,-6.80655 
431 ,82.6278 ,1.57001 ,-0.68685 ,-6.73940 
432 ,82.8199 ,1.57197 ,-0.71081 ,-6.97444 
433 ,83.0118 ,1.57390 ,-0.73476 ,-7.20949 
434 ,83.2041 ,1.57573 ,-0.71423 ,-7.00802 
435 ,83.3963 ,1.57769 ,-0.73818 ,-7.24307 
436 ,83.6043 ,1.57979 ,-0.73476 ,-7.20949 
437 ,83.7965 ,1.58171 ,-0.76556 ,-7.51170 
438 ,84.0041 ,1.58379 ,-0.74845 ,-7.34380 
439 ,84.1967 ,1.58573 ,-0.77925 ,-7.64601 
440 ,84.4047 ,1.58779 ,-0.77241 ,-7.57885 
441 ,84.6126 ,1.58979 ,-0.78610 ,-7.71317 
442 ,84.8048 ,1.59181 ,-0.79636 ,-7.81390 
443 ,84.9965 ,1.59371 ,-0.81347 ,-7.98179 
444 ,85.1727 ,1.59550 ,-0.81005 ,-7.94821 
445 ,85.3653 ,1.59736 ,-0.80663 ,-7.91464 
446 ,85.5731 ,1.59946 ,-0.83401 ,-8.18326 
447 ,85.7653 ,1.60136 ,-0.83058 ,-8.14968 
448 ,85.9731 ,1.60346 ,-0.84769 ,-8.31758 
449 ,86.1490 ,1.60532 ,-0.84769 ,-8.31758 
450 ,86.3415 ,1.60719 ,-0.86138 ,-8.45189 
451 ,86.5335 ,1.60917 ,-0.86823 ,-8.51904 
452 ,86.7096 ,1.61088 ,-0.87507 ,-8.58620 
453 ,86.8856 ,1.61268 ,-0.87507 ,-8.58620 
454 ,87.0618 ,1.61448 ,-0.90245 ,-8.85483 
455 ,87.2373 ,1.61621 ,-0.90587 ,-8.88841 
456 ,87.4458 ,1.61809 ,-0.91272 ,-8.95556 
457 ,87.6221 ,1.62002 ,-0.91956 ,-9.02272 
458 ,87.8139 ,1.62187 ,-0.92640 ,-9.08988 
459 ,88.0060 ,1.62379 ,-0.92298 ,-9.05630 
460 ,88.1817 ,1.62563 ,-0.94351 ,-9.25777 
461 ,88.3737 ,1.62742 ,-0.97431 ,-9.55997 
462 ,88.5503 ,1.62929 ,-0.95720 ,-9.39208 
463 ,88.7582 ,1.63134 ,-0.98116 ,-9.62713 
464 ,88.9660 ,1.63337 ,-0.98116 ,-9.62713 
465 ,89.1426 ,1.63523 ,-0.99485 ,-9.76144 
466 ,89.3502 ,1.63726 ,-0.98800 ,-9.69429 
467 ,89.5588 ,1.63918 ,-1.00854 ,-9.89576 
468 ,89.7668 ,1.64146 ,-1.00854 ,-9.89576 
469 ,89.9588 ,1.64331 ,-1.03249 ,-10.13080 
470 ,90.1350 ,1.64511 ,-1.03591 ,-10.16438 
471 ,90.3271 ,1.64699 ,-1.02565 ,-10.06365 
472 ,90.5188 ,1.64906 ,-1.04960 ,-10.29869 
473 ,90.6953 ,1.65071 ,-1.05645 ,-10.36585 
474 ,90.8870 ,1.65261 ,-1.03591 ,-10.16438 
475 ,91.0634 ,1.65444 ,-1.05302 ,-10.33227 
476 ,91.2714 ,1.65638 ,-1.08382 ,-10.63448 
477 ,91.4636 ,1.65838 ,-1.09409 ,-10.73521 
478 ,91.6713 ,1.66043 ,-1.07356 ,-10.53374 
479 ,91.8633 ,1.66234 ,-1.09409 ,-10.73521 
480 ,92.0394 ,1.66421 ,-1.10436 ,-10.83595 
481 ,92.2317 ,1.66602 ,-1.11462 ,-10.93668 
482 ,92.4078 ,1.66788 ,-1.11462 ,-10.93668 
483 ,92.5838 ,1.66960 ,-1.11462 ,-10.93668 
484 ,92.7918 ,1.67164 ,-1.14542 ,-11.23889 
485 ,93.0001 ,1.67380 ,-1.15569 ,-11.33962 
486 ,93.1918 ,1.67564 ,-1.14884 ,-11.27247 
487 ,93.3683 ,1.67746 ,-1.15569 ,-11.33962 
488 ,93.5442 ,1.67921 ,-1.16253 ,-11.40678 
489 ,93.7040 ,1.68096 ,-1.17622 ,-11.54109 
490 ,93.8965 ,1.68272 ,-1.18649 ,-11.64183 
491 ,94.0886 ,1.68464 ,-1.17622 ,-11.54109 
492 ,94.2965 ,1.68665 ,-1.20360 ,-11.80972 
493 ,94.5047 ,1.68880 ,-1.21044 ,-11.87688 
494 ,94.7126 ,1.69087 ,-1.23098 ,-12.07834 
495 ,94.8886 ,1.69266 ,-1.21729 ,-11.94403 
496 ,95.0969 ,1.69470 ,-1.23440 ,-12.11192 
497 ,95.2890 ,1.69664 ,-1.23098 ,-12.07834 
498 ,95.4651 ,1.69840 ,-1.23440 ,-12.11192 
499 ,95.6406 ,1.70025 ,-1.25835 ,-12.34697 
500 ,95.8330 ,1.70205 ,-1.25493 ,-12.31339 
501 ,96.0251 ,1.70397 ,-1.26862 ,-12.44771 
502 ,96.2173 ,1.70595 ,-1.28231 ,-12.58202 
503 ,96.4095 ,1.70780 ,-1.27547 ,-12.51486 
504 ,96.6175 ,1.70984 ,-1.29942 ,-12.74991 
505 ,96.8096 ,1.71178 ,-1.28573 ,-12.61560 
506 ,96.9692 ,1.71356 ,-1.30284 ,-12.78349 
507 ,97.1618 ,1.71534 ,-1.30969 ,-12.85065 
508 ,97.3700 ,1.71739 ,-1.30284 ,-12.78349 
509 ,97.5778 ,1.71954 ,-1.31311 ,-12.88422 
510 ,97.7700 ,1.72146 ,-1.33022 ,-13.05212 
511 ,97.9620 ,1.72331 ,-1.36444 ,-13.38790 
512 ,98.1381 ,1.72515 ,-1.35760 ,-13.32074 
513 ,98.3302 ,1.72706 ,-1.35075 ,-13.25359 
514 ,98.5223 ,1.72894 ,-1.36444 ,-13.38790 
515 ,98.7143 ,1.73080 ,-1.36786 ,-13.42148 
516 ,98.9224 ,1.73290 ,-1.38840 ,-13.62295 
517 ,99.0983 ,1.73474 ,-1.38840 ,-13.62295 
518 ,99.2907 ,1.73663 ,-1.39182 ,-13.65653 
519 ,99.4827 ,1.73857 ,-1.39866 ,-13.72368 
520 ,99.6746 ,1.74042 ,-1.41577 ,-13.89157 
521 ,99.8670 ,1.74244 ,-1.40209 ,-13.75726 
522 ,100.0749 ,1.74440 ,-1.42946 ,-14.02589 
523 ,100.2507 ,1.74631 ,-1.42604 ,-13.99231 
524 ,100.4271 ,1.74805 ,-1.43288 ,-14.05946 
525 ,100.6349 ,1.75003 ,-1.44657 ,-14.19378 
526 ,100.8270 ,1.75201 ,-1.44657 ,-14.19378 
527 ,101.0193 ,1.75386 ,-1.47737 ,-14.49598 
528 ,101.2114 ,1.75579 ,-1.46368 ,-14.36167 
529 ,101.4032 ,1.75768 ,-1.46711 ,-14.39525 
530 ,101.6116 ,1.75981 ,-1.47053 ,-14.42883 
531 ,101.8036 ,1.76172 ,-1.49448 ,-14.66387 
532 ,102.0117 ,1.76383 ,-1.49791 ,-14.69745 
533 ,102.2038 ,1.76573 ,-1.49791 ,-14.69745 
534 ,102.3954 ,1.76774 ,-1.50133 ,-14.73103 
535 ,102.5719 ,1.76950 ,-1.51159 ,-14.83177 
536 ,102.7480 ,1.77121 ,-1.50817 ,-14.79819 
537 ,102.9241 ,1.77297 ,-1.51844 ,-14.89892 
538 ,103.1162 ,1.77481 ,-1.54582 ,-15.16755 
539 ,103.3403 ,1.77696 ,-1.53555 ,-15.06681 
540 ,103.5323 ,1.77899 ,-1.54582 ,-15.16755 
541 ,103.7564 ,1.78118 ,-1.56293 ,-15.33544 
542 ,103.9484 ,1.78316 ,-1.56635 ,-15.36902 
543 ,104.1245 ,1.78503 ,-1.58346 ,-15.53691 
544 ,104.3327 ,1.78701 ,-1.58346 ,-15.53691 
545 ,104.5243 ,1.78893 ,-1.59715 ,-15.67122 
546 ,104.7168 ,1.79087 ,-1.60057 ,-15.70480 
547 ,104.9248 ,1.79290 ,-1.60399 ,-15.73838 
548 ,105.1170 ,1.79479 ,-1.61768 ,-15.87269 
549 ,105.3250 ,1.79688 ,-1.61768 ,-15.87269 
550 ,105.5171 ,1.79892 ,-1.62110 ,-15.90627 
551 ,105.7091 ,1.80080 ,-1.62453 ,-15.93985 
552 ,105.9012 ,1.80271 ,-1.64506 ,-16.14132 
553 ,106.0934 ,1.80460 ,-1.64506 ,-16.14132 
554 ,106.2854 ,1.80660 ,-1.64848 ,-16.17490 
555 ,106.4775 ,1.80852 ,-1.66559 ,-16.34279 
556 ,106.6532 ,1.81026 ,-1.67586 ,-16.44352 
557 ,106.8454 ,1.81214 ,-1.67244 ,-16.40995 
558 ,107.0376 ,1.81419 ,-1.67928 ,-16.47710 
559 ,107.2297 ,1.81593 ,-1.67586 ,-16.44352 
560 ,107.4219 ,1.81789 ,-1.69981 ,-16.67857 
561 ,107.6299 ,1.81996 ,-1.69981 ,-16.67857 
562 ,107.8055 ,1.82189 ,-1.69981 ,-16.67857 
563 ,107.9822 ,1.82349 ,-1.71350 ,-16.81289 
564 ,108.1741 ,1.82544 ,-1.73061 ,-16.98078 
565 ,108.3503 ,1.82721 ,-1.73061 ,-16.98078 
566 ,108.5423 ,1.82913 ,-1.73404 ,-17.01436 
567 ,108.7184 ,1.83094 ,-1.75115 ,-17.18225 
568 ,108.9104 ,1.83286 ,-1.74088 ,-17.08151 
569 ,109.0702 ,1.83452 ,-1.73061 ,-16.98078 
570 ,109.2467 ,1.83619 ,-1.74430 ,-17.11509 
571 ,109.4388 ,1.83811 ,-1.77852 ,-17.45087 
572 ,109.6308 ,1.83995 ,-1.76483 ,-17.31656 
573 ,109.8227 ,1.84191 ,-1.77168 ,-17.38372 
574 ,110.0308 ,1.84394 ,-1.77510 ,-17.41729 
575 ,110.2228 ,1.84589 ,-1.78879 ,-17.55161 
576 ,110.3992 ,1.84771 ,-1.79906 ,-17.65234 
577 ,110.6072 ,1.84976 ,-1.79221 ,-17.58519 
578 ,110.7993 ,1.85161 ,-1.81617 ,-17.82023 
579 ,110.9909 ,1.85352 ,-1.80248 ,-17.68592 
580 ,111.1835 ,1.85551 ,-1.81617 ,-17.82023 
581 ,111.3916 ,1.85757 ,-1.81617 ,-17.82023 
582 ,111.5834 ,1.85951 ,-1.83670 ,-18.02170 
583 ,111.7756 ,1.86140 ,-1.85039 ,-18.15602 
584 ,111.9518 ,1.86321 ,-1.85381 ,-18.18960 
585 ,112.1278 ,1.86506 ,-1.85381 ,-18.18960 
586 ,112.3037 ,1.86671 ,-1.86066 ,-18.25675 
587 ,112.4798 ,1.86851 ,-1.88119 ,-18.45822 
588 ,112.6879 ,1.87041 ,-1.86750 ,-18.32391 
589 ,112.8800 ,1.87252 ,-1.89146 ,-18.55896 
590 ,113.0723 ,1.87439 ,-1.87777 ,-18.42464 
591 ,113.2801 ,1.87643 ,-1.89830 ,-18.62611 
592 ,113.4723 ,1.87841 ,-1.90514 ,-18.69327 
593 ,113.6644 ,1.88026 ,-1.90514 ,-18.69327 
594 ,113.8725 ,1.88236 ,-1.91199 ,-18.76043 
595 ,114.0647 ,1.88431 ,-1.91883 ,-18.82758 
596 ,114.2726 ,1.88630 ,-1.91883 ,-18.82758 
597 ,114.4645 ,1.88826 ,-1.93594 ,-18.99547 
598 ,114.6409 ,1.89009 ,-1.93594 ,-18.99547 
599 ,114.8327 ,1.89195 ,-1.96332 ,-19.26410 
600 ,115.0086 ,1.89376 ,-1.95305 ,-19.16337 
601 ,115.1849 ,1.89555 ,-1.95990 ,-19.23052 
602 ,115.3771 ,1.89748 ,-1.96674 ,-19.29768 
603 ,115.5692 ,1.89937 ,-1.97359 ,-19.36484 
604 ,115.7614 ,1.90127 ,-1.99070 ,-19.53273 
605 ,115.9533 ,1.90315 ,-1.98385 ,-19.46557 
606 ,116.1455 ,1.90505 ,-1.98043 ,-19.43199 
607 ,116.3372 ,1.90702 ,-2.00096 ,-19.63346 
608 ,116.5296 ,1.90895 ,-2.00781 ,-19.70062 
609 ,116.7216 ,1.91091 ,-2.02834 ,-19.90209 
610 ,116.9137 ,1.91268 ,-2.02834 ,-19.90209 
611 ,117.1058 ,1.91472 ,-2.01465 ,-19.76778 
612 ,117.2979 ,1.91667 ,-2.03176 ,-19.93567 
613 ,117.4895 ,1.91857 ,-2.03176 ,-19.93567 
614 ,117.6821 ,1.92045 ,-2.04887 ,-20.10356 
615 ,117.8898 ,1.92255 ,-2.03861 ,-20.00282 
616 ,118.0662 ,1.92434 ,-2.04887 ,-20.10356 
617 ,118.2582 ,1.92622 ,-2.07283 ,-20.33861 
618 ,118.4503 ,1.92808 ,-2.04887 ,-20.10356 
619 ,118.6423 ,1.93002 ,-2.07625 ,-20.37219 
620 ,118.8344 ,1.93199 ,-2.08310 ,-20.43934 
621 ,119.0266 ,1.93383 ,-2.10021 ,-20.60723 
622 ,119.2026 ,1.93566 ,-2.08310 ,-20.43934 
623 ,119.3946 ,1.93759 ,-2.11390 ,-20.74155 
624 ,119.5868 ,1.93956 ,-2.09336 ,-20.54008 
625 ,119.7788 ,1.94145 ,-2.11732 ,-20.77512 
626 ,119.9712 ,1.94337 ,-2.11732 ,-20.77512 
627 ,120.1790 ,1.94544 ,-2.12074 ,-20.80870 
628 ,120.3868 ,1.94741 ,-2.11732 ,-20.77512 
629 ,120.5790 ,1.94944 ,-2.14812 ,-21.07733 
630 ,120.7873 ,1.95146 ,-2.14470 ,-21.04375 
631 ,120.9631 ,1.95331 ,-2.14470 ,-21.04375 
632 ,121.1389 ,1.95514 ,-2.16181 ,-21.21164 
633 ,121.2991 ,1.95677 ,-2.16865 ,-21.27880 
634 ,121.4592 ,1.95839 ,-2.17549 ,-21.34596 
635 ,121.6352 ,1.96005 ,-2.16523 ,-21.24522 
636 ,121.8273 ,1.96186 ,-2.16865 ,-21.27880 
637 ,122.0194 ,1.96378 ,-2.19261 ,-21.51385 
638 ,122.2118 ,1.96573 ,-2.18918 ,-21.48027 
639 ,122.3879 ,1.96757 ,-2.18918 ,-21.48027 
640 ,122.5640 ,1.96927 ,-2.18918 ,-21.48027 
641 ,122.7561 ,1.97114 ,-2.20972 ,-21.68174 
642 ,122.9481 ,1.97305 ,-2.21314 ,-21.71532 
643 ,123.1402 ,1.97502 ,-2.21314 ,-21.71532 
644 ,123.3323 ,1.97693 ,-2.21998 ,-21.78247 
645 ,123.5082 ,1.97872 ,-2.23025 ,-21.88321 
646 ,123.7005 ,1.98063 ,-2.25420 ,-22.11826 
647 ,123.9084 ,1.98271 ,-2.23367 ,-21.91679 
648 ,124.1006 ,1.98459 ,-2.23709 ,-21.95037 
649 ,124.3087 ,1.98663 ,-2.27474 ,-22.31973 
650 ,124.5008 ,1.98863 ,-2.27474 ,-22.31973 
651 ,124.6925 ,1.99050 ,-2.27816 ,-22.35330 
652 ,124.8844 ,1.99244 ,-2.27816 ,-22.35330 
653 ,125.0765 ,1.99436 ,-2.29185 ,-22.48762 
654 ,125.2686 ,1.99627 ,-2.27132 ,-22.28615 
655 ,125.4771 ,1.99827 ,-2.29527 ,-22.52120 
656 ,125.6853 ,2.00047 ,-2.28843 ,-22.45404 
657 ,125.8774 ,2.00235 ,-2.31238 ,-22.68909 
658 ,126.0696 ,2.00433 ,-2.30554 ,-22.62193 
659 ,126.2774 ,2.00630 ,-2.31923 ,-22.75624 
660 ,126.4695 ,2.00840 ,-2.32265 ,-22.78982 
661 ,126.6456 ,2.01009 ,-2.32607 ,-22.82340 
662 ,126.8215 ,2.01194 ,-2.35003 ,-23.05845 
663 ,127.0295 ,2.01374 ,-2.34318 ,-22.99129 
664 ,127.2214 ,2.01577 ,-2.33634 ,-22.92414 
665 ,127.4137 ,2.01771 ,-2.35345 ,-23.09203 
666 ,127.6217 ,2.01978 ,-2.35345 ,-23.09203 
667 ,127.8141 ,2.02169 ,-2.36714 ,-23.22634 
668 ,128.0221 ,2.02382 ,-2.37398 ,-23.29350 
669 ,128.2142 ,2.02571 ,-2.38767 ,-23.42781 
670 ,128.3902 ,2.02758 ,-2.35687 ,-23.12561 
671 ,128.5825 ,2.02938 ,-2.39451 ,-23.49497 
672 ,128.7743 ,2.03131 ,-2.39451 ,-23.49497 
673 ,128.9506 ,2.03313 ,-2.39451 ,-23.49497 
674 ,129.1426 ,2.03507 ,-2.39109 ,-23.46139 
675 ,129.3506 ,2.03711 ,-2.40136 ,-23.56212 
676 ,129.5426 ,2.03906 ,-2.40136 ,-23.56212 
677 ,129.7346 ,2.04090 ,-2.42531 ,-23.79717 
678 ,129.9109 ,2.04284 ,-2.41505 ,-23.69644 
679 ,130.0870 ,2.04447 ,-2.41847 ,-23.73002 
680 ,130.2792 ,2.04641 ,-2.44242 ,-23.96506 
681 ,130.4709 ,2.04841 ,-2.43216 ,-23.86433 
682 ,130.6632 ,2.05020 ,-2.43558 ,-23.89791 
683 ,130.8715 ,2.05230 ,-2.45953 ,-24.13295 
684 ,131.0632 ,2.05419 ,-2.45611 ,-24.09938 
685 ,131.2395 ,2.05604 ,-2.46296 ,-24.16653 
686 ,131.4314 ,2.05797 ,-2.48007 ,-24.33442 
687 ,131.6233 ,2.05976 ,-2.46638 ,-24.20011 
688 ,131.7997 ,2.06167 ,-2.49376 ,-24.46874 
689 ,131.9757 ,2.06336 ,-2.50402 ,-24.56947 
690 ,132.1518 ,2.06514 ,-2.49718 ,-24.50232 
691 ,132.3600 ,2.06715 ,-2.48349 ,-24.36800 
692 ,132.5679 ,2.06923 ,-2.49033 ,-24.43516 
693 ,132.7601 ,2.07117 ,-2.51429 ,-24.67021 
694 ,132.9683 ,2.07327 ,-2.50402 ,-24.56947 
695 ,133.1442 ,2.07506 ,-2.50402 ,-24.56947 
696 ,133.3684 ,2.07713 ,-2.52113 ,-24.73736 
697 ,133.5605 ,2.07915 ,-2.53140 ,-24.83810 
698 ,133.7524 ,2.08110 ,-2.54851 ,-25.00599 
699 ,133.9286 ,2.08291 ,-2.53482 ,-24.87168 
700 ,134.1207 ,2.08482 ,-2.53824 ,-24.90526 
701 ,134.3124 ,2.08674 ,-2.55878 ,-25.10673 
702 ,134.5047 ,2.08860 ,-2.55536 ,-25.07315 
703 ,134.6969 ,2.09048 ,-2.56220 ,-25.14030 
704 ,134.8890 ,2.09247 ,-2.55536 ,-25.07315 
705 ,135.0970 ,2.09455 ,-2.58615 ,-25.37535 
706 ,135.2892 ,2.09648 ,-2.57589 ,-25.27462 
707 ,135.4972 ,2.09857 ,-2.58615 ,-25.37535 
708 ,135.6893 ,2.10047 ,-2.57589 ,-25.27462 
709 ,135.8808 ,2.10232 ,-2.58958 ,-25.40893 
710 ,136.0570 ,2.10423 ,-2.61011 ,-25.61040 
711 ,136.2333 ,2.10592 ,-2.61695 ,-25.67756 
712 ,136.4093 ,2.10771 ,-2.60669 ,-25.57682 
713 ,136.6016 ,2.10968 ,-2.63064 ,-25.81187 
714 ,136.7773 ,2.11140 ,-2.61695 ,-25.67756 
715 ,136.9534 ,2.11309 ,-2.63064 ,-25.81187 
716 ,137.1459 ,2.11497 ,-2.62038 ,-25.71114 
717 ,137.3378 ,2.11688 ,-2.63749 ,-25.87903 
718 ,137.5300 ,2.11883 ,-2.64091 ,-25.91260 
719 ,137.7059 ,2.12070 ,-2.64433 ,-25.94618 
720 ,137.8981 ,2.12255 ,-2.65802 ,-26.08050 
721 ,138.0741 ,2.12430 ,-2.66486 ,-26.14765 
722 ,138.2665 ,2.12618 ,-2.65802 ,-26.08050 
723 ,138.4584 ,2.12813 ,-2.67171 ,-26.21481 
724 ,138.6505 ,2.13001 ,-2.66486 ,-26.14765 
725 ,138.8426 ,2.13195 ,-2.66829 ,-26.18123 
726 ,139.0504 ,2.13402 ,-2.67513 ,-26.24839 
727 ,139.2424 ,2.13596 ,-2.67855 ,-26.28197 
728 ,139.4188 ,2.13778 ,-2.68198 ,-26.31554 
729 ,139.6109 ,2.13969 ,-2.69566 ,-26.44986 
730 ,139.8028 ,2.14163 ,-2.68540 ,-26.34912 
731 ,139.9948 ,2.14347 ,-2.70935 ,-26.58417 
732 ,140.1866 ,2.14542 ,-2.70251 ,-26.51701 
733 ,140.3791 ,2.14734 ,-2.71962 ,-26.68491 
734 ,140.5714 ,2.14927 ,-2.72304 ,-26.71848 
735 ,140.7793 ,2.15134 ,-2.74357 ,-26.91995 
736 ,140.9715 ,2.15326 ,-2.73673 ,-26.85280 
737 ,141.1794 ,2.15533 ,-2.74700 ,-26.95353 
738 ,141.3716 ,2.15723 ,-2.74357 ,-26.91995 
739 ,141.5633 ,2.15919 ,-2.73331 ,-26.81922 
740 ,141.7397 ,2.16097 ,-2.75042 ,-26.98711 
741 ,141.9318 ,2.16291 ,-2.75384 ,-27.02069 
742 ,142.1398 ,2.16494 ,-2.76753 ,-27.15500 
743 ,142.3155 ,2.16677 ,-2.76753 ,-27.15500 
744 ,142.5080 ,2.16865 ,-2.75042 ,-26.98711 
745 ,142.7001 ,2.17050 ,-2.77780 ,-27.25574 
746 ,142.8923 ,2.17246 ,-2.78464 ,-27.32289 
747 ,143.0843 ,2.17435 ,-2.76411 ,-27.12142 
748 ,143.2764 ,2.17632 ,-2.79148 ,-27.39005 
749 ,143.4360 ,2.17807 ,-2.80517 ,-27.52436 
750 ,143.6285 ,2.17982 ,-2.79148 ,-27.39005 
751 ,143.8202 ,2.18176 ,-2.80517 ,-27.52436 
752 ,144.0127 ,2.18365 ,-2.81544 ,-27.62510 
753 ,144.2047 ,2.18555 ,-2.81202 ,-27.59152 
754 ,144.4129 ,2.18765 ,-2.82571 ,-27.72583 
755 ,144.6208 ,2.18969 ,-2.82228 ,-27.69225 
756 ,144.8285 ,2.19183 ,-2.82571 ,-27.72583 
757 ,145.0206 ,2.19374 ,-2.82228 ,-27.69225 
758 ,145.2131 ,2.19566 ,-2.83940 ,-27.86015 
759 ,145.4213 ,2.19773 ,-2.83255 ,-27.79299 
760 ,145.6129 ,2.19967 ,-2.86677 ,-28.12877 
761 ,145.8054 ,2.20151 ,-2.85308 ,-27.99446 
762 ,145.9974 ,2.20346 ,-2.87362 ,-28.19593 
763 ,146.1895 ,2.20543 ,-2.86677 ,-28.12877 
764 ,146.3816 ,2.20738 ,-2.87362 ,-28.19593 
765 ,146.5735 ,2.20926 ,-2.88388 ,-28.29666 
766 ,146.7816 ,2.21133 ,-2.87362 ,-28.19593 
767 ,146.9898 ,2.21340 ,-2.87704 ,-28.22951 
768 ,147.1817 ,2.21535 ,-2.88046 ,-28.26309 
769 ,147.3742 ,2.21722 ,-2.90099 ,-28.46456 
770 ,147.5819 ,2.21932 ,-2.89415 ,-28.39740 
771 ,147.7740 ,2.22117 ,-2.89415 ,-28.39740 
772 ,147.9663 ,2.22321 ,-2.91126 ,-28.56529 
773 ,148.1743 ,2.22522 ,-2.92153 ,-28.66603 
774 ,148.3663 ,2.22722 ,-2.91126 ,-28.56529 
775 ,148.5585 ,2.22919 ,-2.93179 ,-28.76676 
776 ,148.7662 ,2.23105 ,-2.92837 ,-28.73318 
777 ,148.9746 ,2.23318 ,-2.92837 ,-28.73318 
778 ,149.1827 ,2.23531 ,-2.91811 ,-28.63245 
779 ,149.3747 ,2.23723 ,-2.94890 ,-28.93465 
780 ,149.5669 ,2.23913 ,-2.93522 ,-28.80034 
781 ,149.7749 ,2.24121 ,-2.96944 ,-29.13612 
782 ,149.9666 ,2.24315 ,-2.94206 ,-28.86750 
783 ,150.1591 ,2.24513 ,-2.96259 ,-29.06897 
784 ,150.3671 ,2.24713 ,-2.95917 ,-29.03539 
785 ,150.5593 ,2.24904 ,-2.96602 ,-29.10254 
786 ,150.7674 ,2.25115 ,-2.96602 ,-29.10254 
787 ,150.9590 ,2.25312 ,-2.98313 ,-29.27043 
788 ,151.1515 ,2.25500 ,-2.99339 ,-29.37117 
789 ,151.3595 ,2.25711 ,-2.99339 ,-29.37117 
790 ,151.5517 ,2.25902 ,-3.00366 ,-29.47190 
791 ,151.7436 ,2.26092 ,-3.00024 ,-29.43833 
792 ,151.9358 ,2.26286 ,-3.02761 ,-29.70695 
793 ,152.1437 ,2.26493 ,-3.01735 ,-29.60622 
794 ,152.3359 ,2.26688 ,-3.02077 ,-29.63980 
795 ,152.5439 ,2.26890 ,-3.02077 ,-29.63980 
796 ,152.7359 ,2.27086 ,-3.02077 ,-29.63980 
797 ,152.9120 ,2.27269 ,-3.00366 ,-29.47190 
798 ,153.1040 ,2.27459 ,-3.01050 ,-29.53906 
799 ,153.3283 ,2.27667 ,-3.04815 ,-29.90842 
800 ,153.5364 ,2.27884 ,-3.07210 ,-30.14347 
801 ,153.7444 ,2.28091 ,-3.03788 ,-29.80769 
802 ,153.9365 ,2.28287 ,-3.04473 ,-29.87484 
803 ,154.1286 ,2.28479 ,-3.07210 ,-30.14347 
804 ,154.3364 ,2.28685 ,-3.06184 ,-30.04274 
805 ,154.5287 ,2.28877 ,-3.07552 ,-30.17705 
806 ,154.7368 ,2.29080 ,-3.07895 ,-30.21063 
807 ,154.9127 ,2.29268 ,-3.09606 ,-30.37852 
808 ,155.1048 ,2.29451 ,-3.07210 ,-30.14347 
809 ,155.2968 ,2.29641 ,-3.08237 ,-30.24421 
810 ,155.4892 ,2.29839 ,-3.09606 ,-30.37852 
811 ,155.6969 ,2.30049 ,-3.08921 ,-30.31136 
812 ,155.8894 ,2.30236 ,-3.08579 ,-30.27778 
813 ,156.0973 ,2.30448 ,-3.11659 ,-30.57999 
814 ,156.2895 ,2.30641 ,-3.11317 ,-30.54641 
815 ,156.4816 ,2.30829 ,-3.12344 ,-30.64715 
816 ,156.6896 ,2.31039 ,-3.12001 ,-30.61357 
817 ,156.8818 ,2.31228 ,-3.10975 ,-30.51283 
818 ,157.0895 ,2.31434 ,-3.13712 ,-30.78146 
819 ,157.2821 ,2.31635 ,-3.13370 ,-30.74788 
820 ,157.4896 ,2.31836 ,-3.14397 ,-30.84862 
821 ,157.6821 ,2.32027 ,-3.12686 ,-30.68072 
822 ,157.8742 ,2.32222 ,-3.16450 ,-31.05008 
823 ,158.0822 ,2.32429 ,-3.14055 ,-30.81504 
824 ,158.2742 ,2.32616 ,-3.15423 ,-30.94935 
825 ,158.4505 ,2.32801 ,-3.16108 ,-31.01651 
826 ,158.6585 ,2.33008 ,-3.15423 ,-30.94935 
827 ,158.8504 ,2.33194 ,-3.17477 ,-31.15082 
828 ,159.0264 ,2.33379 ,-3.17135 ,-31.11724 
829 ,159.2183 ,2.33565 ,-3.17477 ,-31.15082 
830 ,159.4108 ,2.33756 ,-3.17477 ,-31.15082 
831 ,159.6025 ,2.33960 ,-3.19872 ,-31.38587 
832 ,159.7948 ,2.34139 ,-3.19872 ,-31.38587 
833 ,160.0191 ,2.34353 ,-3.17477 ,-31.15082 
834 ,160.2110 ,2.34557 ,-3.20899 ,-31.48660 
835 ,160.3872 ,2.34741 ,-3.20214 ,-31.41945 
836 ,160.5952 ,2.34938 ,-3.20899 ,-31.48660 
837 ,160.7714 ,2.35120 ,-3.22268 ,-31.62092 
838 ,160.9474 ,2.35296 ,-3.20899 ,-31.48660 
839 ,161.1394 ,2.35486 ,-3.21583 ,-31.55376 
840 ,161.3155 ,2.35669 ,-3.21583 ,-31.55376 
841 ,161.5235 ,2.35868 ,-3.21583 ,-31.55376 
842 ,161.6997 ,2.36051 ,-3.22952 ,-31.68807 
843 ,161.9078 ,2.36258 ,-3.23979 ,-31.78881 
844 ,162.1158 ,2.36458 ,-3.24663 ,-31.85596 
845 ,162.3080 ,2.36650 ,-3.23637 ,-31.75523 
846 ,162.5160 ,2.36857 ,-3.25348 ,-31.92312 
847 ,162.7082 ,2.37054 ,-3.23979 ,-31.78881 
848 ,162.8998 ,2.37243 ,-3.25348 ,-31.92312 
849 ,163.0922 ,2.37434 ,-3.26032 ,-31.99028 
850 ,163.2843 ,2.37627 ,-3.25690 ,-31.95670 
851 ,163.4761 ,2.37821 ,-3.27401 ,-32.12459 
852 ,163.6526 ,2.38001 ,-3.27059 ,-32.09101 
853 ,163.8605 ,2.38207 ,-3.27401 ,-32.12459 
854 ,164.0366 ,2.38389 ,-3.28770 ,-32.25890 
855 ,164.2126 ,2.38561 ,-3.29112 ,-32.29248 
856 ,164.4046 ,2.38745 ,-3.27059 ,-32.09101 
857 ,164.5966 ,2.38940 ,-3.29112 ,-32.29248 
858 ,164.7890 ,2.39135 ,-3.28428 ,-32.22533 
859 ,164.9808 ,2.39328 ,-3.29797 ,-32.35964 
860 ,165.2052 ,2.39539 ,-3.30139 ,-32.39322 
861 ,165.4130 ,2.39758 ,-3.30823 ,-32.46037 
862 ,165.6053 ,2.39946 ,-3.29112 ,-32.29248 
863 ,165.8134 ,2.40156 ,-3.32534 ,-32.62827 
864 ,165.9895 ,2.40339 ,-3.31850 ,-32.56111 
865 ,166.1815 ,2.40527 ,-3.32192 ,-32.59469 
866 ,166.3896 ,2.40730 ,-3.31165 ,-32.49395 
867 ,166.5818 ,2.40925 ,-3.31850 ,-32.56111 
868 ,166.7738 ,2.41116 ,-3.33561 ,-32.72900 
869 ,166.9818 ,2.41317 ,-3.33219 ,-32.69542 
870 ,167.1744 ,2.41517 ,-3.35956 ,-32.96405 
871 ,167.3662 ,2.41712 ,-3.34245 ,-32.79616 
872 ,167.5742 ,2.41919 ,-3.35956 ,-32.96405 
873 ,167.7661 ,2.42109 ,-3.34245 ,-32.79616 
874 ,167.9423 ,2.42290 ,-3.33561 ,-32.72900 
875 ,168.1343 ,2.42479 ,-3.36641 ,-33.03120 
876 ,168.3424 ,2.42680 ,-3.35956 ,-32.96405 
877 ,168.5185 ,2.42867 ,-3.37325 ,-33.09836 
878 ,168.7103 ,2.43052 ,-3.37668 ,-33.13194 
879 ,168.9026 ,2.43241 ,-3.35956 ,-32.96405 
880 ,169.0944 ,2.43437 ,-3.37325 ,-33.09836 
881 ,169.2709 ,2.43622 ,-3.38694 ,-33.23267 
882 ,169.4789 ,2.43820 ,-3.38010 ,-33.16552 
883 ,169.6869 ,2.44030 ,-3.38694 ,-33.23267 
884 ,169.8631 ,2.44211 ,-3.39721 ,-33.33341 
885 ,170.0550 ,2.44399 ,-3.41090 ,-33.46772 
886 ,170.2312 ,2.44581 ,-3.39721 ,-33.33341 
887 ,170.4227 ,2.44769 ,-3.39036 ,-33.26625 
888 ,170.6150 ,2.44960 ,-3.42801 ,-33.63561 
889 ,170.8392 ,2.45171 ,-3.42116 ,-33.56846 
890 ,171.0313 ,2.45380 ,-3.42459 ,-33.60204 
891 ,171.2235 ,2.45562 ,-3.41774 ,-33.53488 
892 ,171.4316 ,2.45763 ,-3.42459 ,-33.60204 
893 ,171.6237 ,2.45968 ,-3.42459 ,-33.60204 
894 ,171.8313 ,2.46172 ,-3.43827 ,-33.73635 
895 ,172.0238 ,2.46360 ,-3.42459 ,-33.60204 
896 ,172.2316 ,2.46573 ,-3.44854 ,-33.83708 
897 ,172.4080 ,2.46754 ,-3.43827 ,-33.73635 
898 ,172.5998 ,2.46935 ,-3.45539 ,-33.90424 
899 ,172.7922 ,2.47133 ,-3.45881 ,-33.93782 
900 ,172.9842 ,2.47324 ,-3.44170 ,-33.76993 
901 ,173.1763 ,2.47510 ,-3.46565 ,-34.00498 
902 ,173.3684 ,2.47713 ,-3.46565 ,-34.00498 
903 ,173.5445 ,2.47888 ,-3.45881 ,-33.93782 
904 ,173.7525 ,2.48094 ,-3.46223 ,-33.97140 
905 ,173.9607 ,2.48300 ,-3.48276 ,-34.17287 
906 ,174.1688 ,2.48512 ,-3.46907 ,-34.03855 
907 ,174.3609 ,2.48701 ,-3.47592 ,-34.10571 
908 ,174.5690 ,2.48910 ,-3.47934 ,-34.13929 
909 ,174.7606 ,2.49104 ,-3.49303 ,-34.27360 
910 ,174.9531 ,2.49295 ,-3.51014 ,-34.44149 
911 ,175.1613 ,2.49503 ,-3.50330 ,-34.37434 
912 ,175.3533 ,2.49692 ,-3.50672 ,-34.40792 
913 ,175.5453 ,2.49883 ,-3.50330 ,-34.37434 
914 ,175.7213 ,2.50066 ,-3.50330 ,-34.37434 
915 ,175.8971 ,2.50242 ,-3.52383 ,-34.57581 
916 ,176.0897 ,2.50431 ,-3.51014 ,-34.44149 
917 ,176.2817 ,2.50627 ,-3.51014 ,-34.44149 
918 ,176.4736 ,2.50812 ,-3.51356 ,-34.47507 
919 ,176.6819 ,2.51023 ,-3.52725 ,-34.60938 
920 ,176.8741 ,2.51214 ,-3.54436 ,-34.77728 
921 ,177.0500 ,2.51401 ,-3.52725 ,-34.60938 
922 ,177.2421 ,2.51580 ,-3.53067 ,-34.64296 
923 ,177.4340 ,2.51769 ,-3.53410 ,-34.67654 
924 ,177.6102 ,2.51959 ,-3.52725 ,-34.60938 
925 ,177.8023 ,2.52137 ,-3.54778 ,-34.81085 
926 ,177.9942 ,2.52332 ,-3.55121 ,-34.84443 
927 ,178.2025 ,2.52541 ,-3.54094 ,-34.74370 
928 ,178.4106 ,2.52749 ,-3.54778 ,-34.81085 
929 ,178.6027 ,2.52941 ,-3.55463 ,-34.87801 
930 ,178.7948 ,2.53135 ,-3.57858 ,-35.11306 
931 ,178.9707 ,2.53325 ,-3.55463 ,-34.87801 
932 ,179.1464 ,2.53491 ,-3.56147 ,-34.94517 
933 ,179.3390 ,2.53680 ,-3.59227 ,-35.24737 
934 ,179.5469 ,2.53881 ,-3.56147 ,-34.94517 
935 ,179.7228 ,2.54065 ,-3.57858 ,-35.11306 
936 ,179.9150 ,2.54250 ,-3.58543 ,-35.18022 
937 ,180.1073 ,2.54441 ,-3.57516 ,-35.07948 
938 ,180.2994 ,2.54644 ,-3.57516 ,-35.07948 
939 ,180.5075 ,2.54851 ,-3.57858 ,-35.11306 
940 ,180.6994 ,2.55039 ,-3.60938 ,-35.41526 
941 ,180.8916 ,2.55225 ,-3.57516 ,-35.07948 
942 ,181.0672 ,2.55410 ,-3.58543 ,-35.18022 
943 ,181.2595 ,2.55601 ,-3.60254 ,-35.34811 
944 ,181.4353 ,2.55785 ,-3.59227 ,-35.24737 
945 ,181.6279 ,2.55964 ,-3.58885 ,-35.21379 
946 ,181.8198 ,2.56160 ,-3.60254 ,-35.34811 
947 ,182.0280 ,2.56365 ,-3.59227 ,-35.24737 
948 ,182.2363 ,2.56574 ,-3.61965 ,-35.51600 
949 ,182.4442 ,2.56781 ,-3.61623 ,-35.48242 
950 ,182.6363 ,2.56973 ,-3.61965 ,-35.51600 
951 ,182.8283 ,2.57160 ,-3.61623 ,-35.48242 
952 ,183.0366 ,2.57371 ,-3.62992 ,-35.61673 
953 ,183.2286 ,2.57569 ,-3.59912 ,-35.31453 
954 ,183.4201 ,2.57767 ,-3.61965 ,-35.51600 
955 ,183.6127 ,2.57951 ,-3.61280 ,-35.44884 
956 ,183.8206 ,2.58159 ,-3.61280 ,-35.44884 
957 ,184.0288 ,2.58356 ,-3.60596 ,-35.38169 
958 ,184.2369 ,2.58573 ,-3.61280 ,-35.44884 
959 ,184.4130 ,2.58753 ,-3.61623 ,-35.48242 
960 ,184.6371 ,2.58965 ,-3.60254 ,-35.34811 
961 ,184.8452 ,2.59178 ,-3.58201 ,-35.14664 
962 ,185.0369 ,2.59374 ,-3.59569 ,-35.28095 
963 ,185.2453 ,2.59581 ,-3.56832 ,-35.01232 
964 ,185.4369 ,2.59773 ,-3.55463 ,-34.87801 
965 ,185.6289 ,2.59964 ,-3.49987 ,-34.34076 
966 ,185.8210 ,2.60153 ,-3.43485 ,-33.70277 
967 ,186.0296 ,2.60352 ,-3.29112 ,-32.29248 
968 ,186.2378 ,2.60575 ,0.56566 ,5.55026 
969 ,186.4298 ,2.60766 ,0.59646 ,5.85247 
970 ,186.6214 ,2.60959 ,0.58277 ,5.71815 
971 ,186.8140 ,2.61146 ,0.58619 ,5.75173 
972 ,187.0380 ,2.61362 ,0.59646 ,5.85247 
973 ,187.2301 ,2.61564 ,0.59646 ,5.85247 
974 ,187.4383 ,2.61765 ,0.59646 ,5.85247 
975 ,187.6464 ,2.61983 ,0.58962 ,5.78531 
976 ,187.8385 ,2.62175 ,0.57935 ,5.68458 
977 ,188.0465 ,2.62378 ,0.59646 ,5.85247 
978 ,188.2386 ,2.62573 ,0.57593 ,5.65100 
979 ,188.4466 ,2.62775 ,0.60673 ,5.95320 
980 ,188.6388 ,2.62975 ,0.58277 ,5.71815 
981 ,188.8304 ,2.63172 ,0.61015 ,5.98678 
982 ,189.0227 ,2.63356 ,0.58619 ,5.75173 
983 ,189.2309 ,2.63565 ,0.59646 ,5.85247 
984 ,189.4071 ,2.63751 ,0.61357 ,6.02036 
985 ,189.5992 ,2.63934 ,0.59646 ,5.85247 
986 ,189.7913 ,2.64130 ,0.58619 ,5.75173 
987 ,189.9830 ,2.64316 ,0.59304 ,5.81889 
988 ,190.1754 ,2.64511 ,0.58277 ,5.71815 
989 ,190.3676 ,2.64699 ,0.60330 ,5.91962 
990 ,190.5596 ,2.64893 ,0.57593 ,5.65100 
991 ,190.7356 ,2.65073 ,0.58962 ,5.78531 
992 ,190.9434 ,2.65272 ,0.59304 ,5.81889 
993 ,191.1358 ,2.65468 ,0.58962 ,5.78531 
994 ,191.3436 ,2.65676 ,0.59988 ,5.88605 
995 ,191.5360 ,2.65870 ,0.58277 ,5.71815 
996 ,191.7279 ,2.66062 ,0.59646 ,5.85247 
997 ,191.9201 ,2.66249 ,0.58619 ,5.75173 
998 ,192.1120 ,2.66441 ,0.59646 ,5.85247 
999 ,192.3042 ,2.66641 ,0.58962 ,5.78531 
1000 ,192.4962 ,2.66835 ,0.58962 ,5.78531 
1001 ,192.7044 ,2.67034 ,0.59988 ,5.88605 
1002 ,192.8965 ,2.67230 ,0.58619 ,5.75173 
1003 ,193.0882 ,2.67429 ,0.59646 ,5.85247 
1004 ,193.2968 ,2.67619 ,0.58277 ,5.71815 
1005 ,193.5047 ,2.67832 ,0.59646 ,5.85247 
1006 ,193.6970 ,2.68029 ,0.57593 ,5.65100 
1007 ,193.9048 ,2.68241 ,0.59304 ,5.81889 
1008 ,194.0811 ,2.68428 ,0.58962 ,5.78531 
1009 ,194.2571 ,2.68594 ,0.58619 ,5.75173 
1010 ,194.4330 ,2.68770 ,0.59304 ,5.81889 
1011 ,194.6250 ,2.68953 ,0.60330 ,5.91962 
1012 ,194.8173 ,2.69142 ,0.57935 ,5.68458 
1013 ,194.9935 ,2.69332 ,0.59646 ,5.85247 
1014 ,195.1855 ,2.69521 ,0.60330 ,5.91962 
1015 ,195.3775 ,2.69712 ,0.58277 ,5.71815 
1016 ,195.5855 ,2.69915 ,0.59988 ,5.88605 
1017 ,195.7777 ,2.70110 ,0.59304 ,5.81889 
1018 ,195.9700 ,2.70301 ,0.60330 ,5.91962 
1019 ,196.1617 ,2.70496 ,0.58277 ,5.71815 
1020 ,196.3375 ,2.70673 ,0.58277 ,5.71815 
1021 ,196.5301 ,2.70859 ,0.59646 ,5.85247 
1022 ,196.7380 ,2.71065 ,0.58277 ,5.71815 
1023 ,196.9140 ,2.71248 ,0.58619 ,5.75173 
1024 ,197.1223 ,2.71452 ,0.58962 ,5.78531 
1025 ,197.3143 ,2.71643 ,0.59646 ,5.85247 
1026 ,197.4904 ,2.71833 ,0.60330 ,5.91962 
1027 ,197.6822 ,2.72013 ,0.58619 ,5.75173 
1028 ,197.8747 ,2.72209 ,0.59646 ,5.85247 
1029 ,198.0827 ,2.72411 ,0.58277 ,5.71815 
1030 ,198.2907 ,2.72624 ,0.59988 ,5.88605 
1031 ,198.4984 ,2.72830 ,0.58277 ,5.71815 
1032 ,198.6910 ,2.73022 ,0.60330 ,5.91962 
1033 ,198.8827 ,2.73213 ,0.58277 ,5.71815 
1034 ,199.1070 ,2.73424 ,0.59304 ,5.81889 
1035 ,199.2831 ,2.73617 ,0.59646 ,5.85247 
1036 ,199.4913 ,2.73822 ,0.60673 ,5.95320 
1037 ,199.6831 ,2.74010 ,0.59646 ,5.85247 
1038 ,199.8755 ,2.74209 ,0.59304 ,5.81889 
1039 ,200.0673 ,2.74394 ,0.58962 ,5.78531 
1040 ,200.2596 ,2.74589 ,0.58277 ,5.71815 
1041 ,200.4516 ,2.74780 ,0.61015 ,5.98678 
1042 ,200.6272 ,2.74971 ,0.59304 ,5.81889 
1043 ,200.8195 ,2.75149 ,0.59646 ,5.85247 
1044 ,201.0278 ,2.75348 ,0.59646 ,5.85247 
1045 ,201.2358 ,2.75561 ,0.60330 ,5.91962 
1046 ,201.4438 ,2.75778 ,0.59988 ,5.88605 
1047 ,201.6522 ,2.75978 ,0.60673 ,5.95320 
1048 ,201.8441 ,2.76170 ,0.60330 ,5.91962 
1049 ,202.0523 ,2.76377 ,0.59988 ,5.88605 
1050 ,202.2604 ,2.76592 ,0.58277 ,5.71815 
1051 ,202.4523 ,2.76790 ,0.59988 ,5.88605 
1052 ,202.6284 ,2.76963 ,0.59988 ,5.88605 
1053 ,202.8200 ,2.77148 ,0.58619 ,5.75173 
1054 ,203.0123 ,2.77338 ,0.60330 ,5.91962 
1055 ,203.2207 ,2.77551 ,0.57935 ,5.68458 
1056 ,203.4127 ,2.77750 ,0.60330 ,5.91962 
1057 ,203.5888 ,2.77924 ,0.61015 ,5.98678 
1058 ,203.7968 ,2.78132 ,0.59304 ,5.81889 
1059 ,203.9732 ,2.78307 ,0.59304 ,5.81889 
1060 ,204.1652 ,2.78503 ,0.59304 ,5.81889 
1061 ,204.3572 ,2.78683 ,0.59988 ,5.88605 
1062 ,204.5492 ,2.78880 ,0.61699 ,6.05394 
1063 ,204.7414 ,2.79074 ,0.59304 ,5.81889 
1064 ,204.9330 ,2.79269 ,0.59988 ,5.88605 
1065 ,205.1253 ,2.79453 ,0.60673 ,5.95320 
1066 ,205.3337 ,2.79660 ,0.60330 ,5.91962 
1067 ,205.5256 ,2.79857 ,0.59304 ,5.81889 
1068 ,205.7178 ,2.80046 ,0.59646 ,5.85247 
1069 ,205.9099 ,2.80236 ,0.61015 ,5.98678 
1070 ,206.1019 ,2.80435 ,0.58962 ,5.78531 
1071 ,206.3100 ,2.80628 ,0.59646 ,5.85247 
1072 ,206.5021 ,2.80827 ,0.59304 ,5.81889 
1073 ,206.6940 ,2.81020 ,0.59646 ,5.85247 
1074 ,206.8703 ,2.81203 ,0.59988 ,5.88605 
1075 ,207.0781 ,2.81400 ,0.59304 ,5.81889 
1076 ,207.2705 ,2.81600 ,0.59988 ,5.88605 
1077 ,207.4626 ,2.81791 ,0.58962 ,5.78531 
1078 ,207.6707 ,2.82001 ,0.61357 ,6.02036 
1079 ,207.8626 ,2.82193 ,0.58277 ,5.71815 
1080 ,208.0707 ,2.82394 ,0.59304 ,5.81889 
1081 ,208.2307 ,2.82572 ,0.59988 ,5.88605 
1082 ,208.4069 ,2.82740 ,0.59988 ,5.88605 
1083 ,208.5988 ,2.82929 ,0.58619 ,5.75173 
1084 ,208.7589 ,2.83103 ,0.58619 ,5.75173 
1085 ,208.9510 ,2.83276 ,0.59988 ,5.88605 
1086 ,209.1432 ,2.83468 ,0.61015 ,5.98678 
1087 ,209.3509 ,2.83678 ,0.61015 ,5.98678 
1088 ,209.5593 ,2.83885 ,0.59304 ,5.81889 
1089 ,209.7351 ,2.84063 ,0.59646 ,5.85247 
1090 ,209.9274 ,2.84254 ,0.59304 ,5.81889 
1091 ,210.1033 ,2.84433 ,0.57935 ,5.68458 
1092 ,210.2954 ,2.84623 ,0.59304 ,5.81889 
1093 ,210.4876 ,2.84817 ,0.59988 ,5.88605 
1094 ,210.6957 ,2.85022 ,0.58962 ,5.78531 
1095 ,210.8876 ,2.85213 ,0.59646 ,5.85247 
1096 ,211.0800 ,2.85400 ,0.59646 ,5.85247 
1097 ,211.2719 ,2.85604 ,0.60330 ,5.91962 
1098 ,211.4479 ,2.85783 ,0.58619 ,5.75173 
1099 ,211.6561 ,2.85977 ,0.59646 ,5.85247 
1100 ,211.8483 ,2.86172 ,0.61357 ,6.02036 
1101 ,212.0560 ,2.86379 ,0.60673 ,5.95320 
1102 ,212.2485 ,2.86567 ,0.59646 ,5.85247 
1103 ,212.4402 ,2.86767 ,0.58619 ,5.75173 
1104 ,212.6325 ,2.86961 ,0.60673 ,5.95320 
1105 ,212.8406 ,2.87166 ,0.58619 ,5.75173 
1106 ,213.0487 ,2.87372 ,0.59646 ,5.85247 
1107 ,213.2245 ,2.87554 ,0.58277 ,5.71815 
1108 ,213.4170 ,2.87745 ,0.59304 ,5.81889 
1109 ,213.6088 ,2.87934 ,0.60673 ,5.95320 
1110 ,213.7851 ,2.88112 ,0.59646 ,5.85247 
1111 ,213.9928 ,2.88313 ,0.60673 ,5.95320 
1112 ,214.1851 ,2.88506 ,0.60330 ,5.91962 
1113 ,214.3612 ,2.88697 ,0.58962 ,5.78531 
1114 ,214.5697 ,2.88892 ,0.59646 ,5.85247 
1115 ,214.7611 ,2.89087 ,0.58277 ,5.71815 
1116 ,214.9535 ,2.89284 ,0.59988 ,5.88605 
1117 ,215.1454 ,2.89471 ,0.60330 ,5.91962 
1118 ,215.3378 ,2.89666 ,0.60673 ,5.95320 
1119 ,215.5296 ,2.89854 ,0.60673 ,5.95320 
1120 ,215.7055 ,2.90046 ,0.58619 ,5.75173 
1121 ,215.8977 ,2.90220 ,0.59646 ,5.85247 
1122 ,216.0900 ,2.90419 ,0.60673 ,5.95320 
1123 ,216.2819 ,2.90608 ,0.59646 ,5.85247 
1124 ,216.4901 ,2.90814 ,0.60330 ,5.91962 
1125 ,216.6663 ,2.90998 ,0.59304 ,5.81889 
1126 ,216.8583 ,2.91180 ,0.60330 ,5.91962 
1127 ,217.0344 ,2.91364 ,0.60673 ,5.95320 
1128 ,217.2105 ,2.91540 ,0.61015 ,5.98678 
1129 ,217.3866 ,2.91717 ,0.59988 ,5.88605 
1130 ,217.5627 ,2.91895 ,0.58962 ,5.78531 
1131 ,217.7708 ,2.92090 ,0.60673 ,5.95320 
1132 ,217.9627 ,2.92290 ,0.58619 ,5.75173 
1133 ,218.1389 ,2.92470 ,0.59304 ,5.81889 
1134 ,218.3309 ,2.92657 ,0.59988 ,5.88605 
1135 ,218.5229 ,2.92843 ,0.60673 ,5.95320 
1136 ,218.7312 ,2.93052 ,0.59646 ,5.85247 
1137 ,218.9229 ,2.93244 ,0.58619 ,5.75173 
1138 ,219.1153 ,2.93438 ,0.59646 ,5.85247 
1139 ,219.3231 ,2.93644 ,0.59646 ,5.85247 
1140 ,219.5155 ,2.93839 ,0.59988 ,5.88605 
1141 ,219.6915 ,2.94025 ,0.59646 ,5.85247 
1142 ,219.8676 ,2.94195 ,0.58619 ,5.75173 
1143 ,220.0757 ,2.94396 ,0.59304 ,5.81889 
1144 ,220.2356 ,2.94578 ,0.61357 ,6.02036 
1145 ,220.4118 ,2.94744 ,0.59304 ,5.81889 
1146 ,220.5880 ,2.94920 ,0.59304 ,5.81889 
1147 ,220.7960 ,2.95111 ,0.60330 ,5.91962 
1148 ,220.9881 ,2.95308 ,0.58962 ,5.78531 
1149 ,221.1961 ,2.95517 ,0.60330 ,5.91962 
1150 ,221.4041 ,2.95722 ,0.58962 ,5.78531 
1151 ,221.5964 ,2.95914 ,0.60673 ,5.95320 
1152 ,221.8044 ,2.96124 ,0.59646 ,5.85247 
1153 ,221.9966 ,2.96324 ,0.60330 ,5.91962 
1154 ,222.2042 ,2.96524 ,0.58277 ,5.71815 
1155 ,222.3806 ,2.96706 ,0.59988 ,5.88605 
1156 ,222.5887 ,2.96906 ,0.58962 ,5.78531 
1157 ,222.7809 ,2.97104 ,0.58962 ,5.78531 
1158 ,222.9889 ,2.97299 ,0.60330 ,5.91962 
1159 ,223.1966 ,2.97510 ,0.59646 ,5.85247 
1160 ,223.4051 ,2.97715 ,0.60673 ,5.95320 
1161 ,223.6130 ,2.97933 ,0.61699 ,6.05394 
1162 ,223.8053 ,2.98131 ,0.59304 ,5.81889 
1163 ,224.0131 ,2.98333 ,0.60330 ,5.91962 
1164 ,224.2054 ,2.98522 ,0.58619 ,5.75173 
1165 ,224.4131 ,2.98726 ,0.59304 ,5.81889 
1166 ,224.6056 ,2.98923 ,0.59304 ,5.81889 
1167 ,224.7975 ,2.99124 ,0.60673 ,5.95320 
1168 ,224.9897 ,2.99311 ,0.58277 ,5.71815 
1169 ,225.1978 ,2.99515 ,0.60330 ,5.91962 
1170 ,225.3895 ,2.99706 ,0.58277 ,5.71815 
1171 ,225.5820 ,2.99902 ,0.57935 ,5.68458 
1172 ,225.7900 ,3.00111 ,0.59304 ,5.81889 
1173 ,225.9818 ,3.00300 ,0.61015 ,5.98678 
1174 ,226.1737 ,3.00491 ,0.59988 ,5.88605 
1175 ,226.3665 ,3.00691 ,0.59304 ,5.81889 
1176 ,226.5423 ,3.00872 ,0.60673 ,5.95320 
1177 ,226.7181 ,3.01044 ,0.61357 ,6.02036 
1178 ,226.9104 ,3.01236 ,0.59304 ,5.81889 
1179 ,227.0864 ,3.01408 ,0.58277 ,5.71815 
1180 ,227.2625 ,3.01590 ,0.58962 ,5.78531 
1181 ,227.4387 ,3.01756 ,0.60673 ,5.95320 
1182 ,227.5987 ,3.01934 ,0.59988 ,5.88605 
1183 ,227.7745 ,3.02096 ,0.59988 ,5.88605 
1184 ,227.9670 ,3.02285 ,0.58277 ,5.71815 
1185 ,228.1751 ,3.02494 ,0.61699 ,6.05394 
1186 ,228.3669 ,3.02686 ,0.59304 ,5.81889 
1187 ,228.5589 ,3.02879 ,0.61015 ,5.98678 
1188 ,228.7674 ,3.03080 ,0.61357 ,6.02036 
1189 ,228.9754 ,3.03294 ,0.60673 ,5.95320 
1190 ,229.1514 ,3.03481 ,0.59304 ,5.81889 
1191 ,229.3755 ,3.03688 ,0.60673 ,5.95320 
1192 ,229.5676 ,3.03880 ,0.58619 ,5.75173 
1193 ,229.7597 ,3.04077 ,0.59988 ,5.88605 
1194 ,229.9357 ,3.04256 ,0.60673 ,5.95320 
1195 ,230.1117 ,3.04431 ,0.60330 ,5.91962 
1196 ,230.3034 ,3.04622 ,0.60330 ,5.91962 
1197 ,230.4800 ,3.04803 ,0.60330 ,5.91962 
1198 ,230.6881 ,3.04999 ,0.58619 ,5.75173 
1199 ,230.8800 ,3.05198 ,0.60673 ,5.95320 
1200 ,231.0724 ,3.05393 ,0.59988 ,5.88605 
1201 ,231.2802 ,3.05596 ,0.61015 ,5.98678 
1202 ,231.4563 ,3.05781 ,0.59646 ,5.85247 
1203 ,231.6321 ,3.05953 ,0.59646 ,5.85247 
1204 ,231.8085 ,3.06129 ,0.60330 ,5.91962 
1205 ,232.0007 ,3.06316 ,0.60330 ,5.91962 
1206 ,232.2404 ,3.06540 ,0.59304 ,5.81889 
1207 ,232.4166 ,3.06741 ,0.60330 ,5.91962 
1208 ,232.6087 ,3.06931 ,0.58277 ,5.71815 
1209 ,232.7848 ,3.07110 ,0.60330 ,5.91962 
1210 ,232.9604 ,3.07292 ,0.60673 ,5.95320 
1211 ,233.1528 ,3.07466 ,0.58619 ,5.75173 
1212 ,233.3451 ,3.07668 ,0.58277 ,5.71815 
1213 ,233.5211 ,3.07842 ,0.61015 ,5.98678 
1214 ,233.7133 ,3.08030 ,0.59646 ,5.85247 
1215 ,233.9052 ,3.08221 ,0.60330 ,5.91962 
1216 ,234.0973 ,3.08410 ,0.60330 ,5.91962 
1217 ,234.3054 ,3.08619 ,0.60673 ,5.95320 
1218 ,234.4976 ,3.08811 ,0.59646 ,5.85247 
1219 ,234.6895 ,3.09003 ,0.59988 ,5.88605 
1220 ,234.8817 ,3.09197 ,0.61015 ,5.98678 
1221 ,235.0734 ,3.09387 ,0.60330 ,5.91962 
1222 ,235.2658 ,3.09582 ,0.58962 ,5.78531 
1223 ,235.4580 ,3.09777 ,0.61357 ,6.02036 
1224 ,235.6501 ,3.09965 ,0.58619 ,5.75173 
1225 ,235.8422 ,3.10158 ,0.61015 ,5.98678 
1226 ,236.0341 ,3.10352 ,0.60673 ,5.95320 
1227 ,236.2260 ,3.10541 ,0.59304 ,5.81889 
1228 ,236.4025 ,3.10722 ,0.60330 ,5.91962 
1229 ,236.5945 ,3.10917 ,0.61015 ,5.98678 
1230 ,236.8024 ,3.11115 ,0.59646 ,5.85247 
1231 ,236.9945 ,3.11306 ,0.59646 ,5.85247 
1232 ,237.2026 ,3.11515 ,0.61015 ,5.98678 
1233 ,237.3947 ,3.11709 ,0.61357 ,6.02036 
1234 ,237.6029 ,3.11914 ,0.61699 ,6.05394 
1235 ,237.7949 ,3.12108 ,0.59988 ,5.88605 
1236 ,238.0030 ,3.12313 ,0.61015 ,5.98678 
1237 ,238.1949 ,3.12509 ,0.59988 ,5.88605 
1238 ,238.4029 ,3.12717 ,0.59304 ,5.81889 
1239 ,238.5951 ,3.12914 ,0.59304 ,5.81889 
1240 ,238.7873 ,3.13114 ,0.62042 ,6.08752 
1241 ,238.9632 ,3.13283 ,0.60330 ,5.91962 
1242 ,239.1715 ,3.13487 ,0.58962 ,5.78531 
1243 ,239.3633 ,3.13678 ,0.61015 ,5.98678 
1244 ,239.5556 ,3.13872 ,0.58962 ,5.78531 
1245 ,239.7476 ,3.14061 ,0.60673 ,5.95320 
1246 ,239.9238 ,3.14243 ,0.59988 ,5.88605 
1247 ,240.0995 ,3.14423 ,0.61699 ,6.05394 
1248 ,240.2920 ,3.14602 ,0.59304 ,5.81889 
1249 ,240.4836 ,3.14793 ,0.61699 ,6.05394 
1250 ,240.6762 ,3.14988 ,0.61015 ,5.98678 
1251 ,240.8519 ,3.15170 ,0.59988 ,5.88605 
1252 ,241.0279 ,3.15351 ,0.61699 ,6.05394 
1253 ,241.2039 ,3.15519 ,0.60330 ,5.91962 
1254 ,241.3800 ,3.15704 ,0.60673 ,5.95320 
1255 ,241.5561 ,3.15877 ,0.61357 ,6.02036 
1256 ,241.7484 ,3.16068 ,0.59304 ,5.81889 
1257 ,241.9407 ,3.16255 ,0.60673 ,5.95320 
1258 ,242.1323 ,3.16447 ,0.58277 ,5.71815 
1259 ,242.3087 ,3.16628 ,0.59988 ,5.88605 
1260 ,242.5169 ,3.16827 ,0.61015 ,5.98678 
1261 ,242.7090 ,3.17024 ,0.60330 ,5.91962 
1262 ,242.9010 ,3.17212 ,0.60673 ,5.95320 
1263 ,243.0771 ,3.17399 ,0.59988 ,5.88605 
1264 ,243.2693 ,3.17582 ,0.59646 ,5.85247 
1265 ,243.4773 ,3.17779 ,0.60673 ,5.95320 
1266 ,243.6691 ,3.17982 ,0.60673 ,5.95320 
1267 ,243.8613 ,3.18177 ,0.60330 ,5.91962 
1268 ,244.0697 ,3.18386 ,0.59988 ,5.88605 
1269 ,244.2616 ,3.18572 ,0.60673 ,5.95320 
1270 ,244.4537 ,3.18763 ,0.58619 ,5.75173 
1271 ,244.6459 ,3.18964 ,0.61357 ,6.02036 
1272 ,244.8379 ,3.19161 ,0.59304 ,5.81889 
1273 ,245.0137 ,3.19334 ,0.60330 ,5.91962 
1274 ,245.1900 ,3.19514 ,0.60330 ,5.91962 
1275 ,245.3662 ,3.19683 ,0.59646 ,5.85247 
1276 ,245.5744 ,3.19891 ,0.58962 ,5.78531 
1277 ,245.7662 ,3.20081 ,0.60673 ,5.95320 
1278 ,245.9419 ,3.20264 ,0.60330 ,5.91962 
1279 ,246.1179 ,3.20445 ,0.59304 ,5.81889 
1280 ,246.3099 ,3.20620 ,0.58619 ,5.75173 
1281 ,246.5024 ,3.20810 ,0.59988 ,5.88605 
1282 ,246.7105 ,3.21021 ,0.59646 ,5.85247 
1283 ,246.8865 ,3.21207 ,0.59988 ,5.88605 
1284 ,247.0946 ,3.21409 ,0.59304 ,5.81889 
1285 ,247.3024 ,3.21613 ,0.61015 ,5.98678 
1286 ,247.5269 ,3.21818 ,0.58619 ,5.75173 
1287 ,247.7350 ,3.22046 ,0.58619 ,5.75173 
1288 ,247.9271 ,3.22241 ,0.59646 ,5.85247 
1289 ,248.1190 ,3.22436 ,0.60673 ,5.95320 
1290 ,248.3112 ,3.22620 ,0.58962 ,5.78531 
1291 ,248.5035 ,3.22815 ,0.61015 ,5.98678 
1292 ,248.6955 ,3.23005 ,0.59988 ,5.88605 
1293 ,248.9032 ,3.23212 ,0.61015 ,5.98678 
1294 ,249.0954 ,3.23408 ,0.58277 ,5.71815 
1295 ,249.3036 ,3.23607 ,0.60330 ,5.91962 
1296 ,249.5119 ,3.23819 ,0.58962 ,5.78531 
1297 ,249.7198 ,3.24028 ,0.59988 ,5.88605 
1298 ,249.9119 ,3.24222 ,0.59988 ,5.88605 
1299 ,250.1038 ,3.24414 ,0.61699 ,6.05394 
1300 ,250.3120 ,3.24612 ,0.59304 ,5.81889 
1301 ,250.5202 ,3.24831 ,0.59646 ,5.85247 
1302 ,250.7123 ,3.25023 ,0.57935 ,5.68458 
1303 ,250.9043 ,3.25211 ,0.61357 ,6.02036 
1304 ,251.0964 ,3.25405 ,0.59988 ,5.88605 
1305 ,251.2881 ,3.25601 ,0.59304 ,5.81889 
1306 ,251.4806 ,3.25790 ,0.60330 ,5.91962 
1307 ,251.6725 ,3.25981 ,0.59646 ,5.85247 
1308 ,251.8648 ,3.26175 ,0.61357 ,6.02036 
1309 ,252.0568 ,3.26370 ,0.59646 ,5.85247 
1310 ,252.2490 ,3.26554 ,0.61357 ,6.02036 
1311 ,252.4410 ,3.26761 ,0.59646 ,5.85247 
1312 ,252.6329 ,3.26949 ,0.58619 ,5.75173 
1313 ,252.8248 ,3.27140 ,0.60673 ,5.95320 
1314 ,253.0012 ,3.27319 ,0.59988 ,5.88605 
1315 ,253.1772 ,3.27490 ,0.59304 ,5.81889 
1316 ,253.3696 ,3.27679 ,0.60673 ,5.95320 
1317 ,253.5776 ,3.27889 ,0.58619 ,5.75173 
1318 ,253.7856 ,3.28093 ,0.59988 ,5.88605 
1319 ,253.9616 ,3.28282 ,0.58962 ,5.78531 
1320 ,254.1534 ,3.28457 ,0.59646 ,5.85247 
1321 ,254.3459 ,3.28653 ,0.59988 ,5.88605 
1322 ,254.5374 ,3.28848 ,0.58962 ,5.78531 
1323 ,254.7139 ,3.29029 ,0.58619 ,5.75173 
1324 ,254.9219 ,3.29231 ,0.60330 ,5.91962 
1325 ,255.1141 ,3.29428 ,0.59304 ,5.81889 
1326 ,255.3063 ,3.29616 ,0.60673 ,5.95320 
1327 ,255.4982 ,3.29801 ,0.58277 ,5.71815 
1328 ,255.6903 ,3.29995 ,0.59988 ,5.88605 
1329 ,255.8824 ,3.30193 ,0.60673 ,5.95320 
1330 ,256.0746 ,3.30381 ,0.58619 ,5.75173 
1331 ,256.2825 ,3.30588 ,0.60330 ,5.91962 
1332 ,256.4587 ,3.30775 ,0.59646 ,5.85247 
1333 ,256.6503 ,3.30954 ,0.61015 ,5.98678 
1334 ,256.8427 ,3.31155 ,0.61015 ,5.98678 
1335 ,257.0344 ,3.31351 ,0.58277 ,5.71815 
1336 ,257.2106 ,3.31523 ,0.60673 ,5.95320 
1337 ,257.4031 ,3.31712 ,0.61015 ,5.98678 
1338 ,257.5949 ,3.31897 ,0.58962 ,5.78531 
1339 ,257.7708 ,3.32084 ,0.60673 ,5.95320 
1340 ,257.9633 ,3.32267 ,0.59304 ,5.81889 
1341 ,258.1554 ,3.32470 ,0.59304 ,5.81889 
1342 ,258.3474 ,3.32658 ,0.61015 ,5.98678 
1343 ,258.5396 ,3.32849 ,0.60330 ,5.91962 
1344 ,258.7316 ,3.33041 ,0.61015 ,5.98678 
1345 ,258.9235 ,3.33229 ,0.60673 ,5.95320 
1346 ,259.1317 ,3.33435 ,0.61015 ,5.98678 
1347 ,259.3238 ,3.33621 ,0.59646 ,5.85247 
1348 ,259.5159 ,3.33827 ,0.60673 ,5.95320 
1349 ,259.7081 ,3.34019 ,0.61015 ,5.98678 
1350 ,259.9157 ,3.34225 ,0.58962 ,5.78531 
1351 ,260.1083 ,3.34409 ,0.61015 ,5.98678 
1352 ,260.3001 ,3.34607 ,0.59646 ,5.85247 
1353 ,260.5084 ,3.34815 ,0.61357 ,6.02036 
1354 ,260.7003 ,3.35010 ,0.58962 ,5.78531 
1355 ,260.8926 ,3.35199 ,0.61699 ,6.05394 
1356 ,261.0843 ,3.35389 ,0.60673 ,5.95320 
1357 ,261.2767 ,3.35585 ,0.59988 ,5.88605 
1358 ,261.4848 ,3.35780 ,0.59304 ,5.81889 
1359 ,261.6924 ,3.35997 ,0.61015 ,5.98678 
1360 ,261.8849 ,3.36188 ,0.59304 ,5.81889 
1361 ,262.0926 ,3.36394 ,0.58962 ,5.78531 
1362 ,262.2848 ,3.36588 ,0.61357 ,6.02036 
1363 ,262.4612 ,3.36770 ,0.59646 ,5.85247 
1364 ,262.6693 ,3.36968 ,0.59646 ,5.85247 
1365 ,262.8613 ,3.37172 ,0.59646 ,5.85247 
1366 ,263.0533 ,3.37359 ,0.60330 ,5.91962 
1367 ,263.2293 ,3.37551 ,0.59646 ,5.85247 
1368 ,263.4215 ,3.37729 ,0.58962 ,5.78531 
1369 ,263.5975 ,3.37904 ,0.58962 ,5.78531 
1370 ,263.7895 ,3.38090 ,0.62042 ,6.08752 
1371 ,263.9818 ,3.38287 ,0.58619 ,5.75173 
1372 ,264.1735 ,3.38481 ,0.61015 ,5.98678 
1373 ,264.3662 ,3.38675 ,0.61357 ,6.02036 
1374 ,264.5740 ,3.38877 ,0.60330 ,5.91962 
1375 ,264.7501 ,3.39061 ,0.59988 ,5.88605 
1376 ,264.9420 ,3.39248 ,0.58619 ,5.75173 
1377 ,265.1502 ,3.39455 ,0.61015 ,5.98678 
1378 ,265.3423 ,3.39646 ,0.59304 ,5.81889 
1379 ,265.5504 ,3.39857 ,0.61015 ,5.98678 
1380 ,265.7424 ,3.40048 ,0.59988 ,5.88605 
1381 ,265.9505 ,3.40252 ,0.61357 ,6.02036 
1382 ,266.1426 ,3.40447 ,0.59988 ,5.88605 
1383 ,266.3503 ,3.40654 ,0.59304 ,5.81889 
1384 ,266.5425 ,3.40847 ,0.59988 ,5.88605 
1385 ,266.7508 ,3.41054 ,0.61357 ,6.02036 
1386 ,266.9424 ,3.41246 ,0.58962 ,5.78531 
1387 ,267.1350 ,3.41437 ,0.59646 ,5.85247 
1388 ,267.3112 ,3.41619 ,0.59988 ,5.88605 
1389 ,267.5031 ,3.41804 ,0.58277 ,5.71815 
1390 ,267.6952 ,3.41995 ,0.61015 ,5.98678 
1391 ,267.8873 ,3.42190 ,0.61015 ,5.98678 
1392 ,268.0635 ,3.42373 ,0.59304 ,5.81889 
1393 ,268.2388 ,3.42556 ,0.60330 ,5.91962 
1394 ,268.4477 ,3.42747 ,0.59304 ,5.81889 
1395 ,268.6396 ,3.42943 ,0.59988 ,5.88605 
1396 ,268.8477 ,3.43147 ,0.59646 ,5.85247 
1397 ,269.0557 ,3.43355 ,0.61015 ,5.98678 
1398 ,269.2478 ,3.43549 ,0.60673 ,5.95320 
1399 ,269.4237 ,3.43734 ,0.59988 ,5.88605 
1400 ,269.5995 ,3.43916 ,0.60330 ,5.91962 
1401 ,269.7921 ,3.44094 ,0.61357 ,6.02036 
1402 ,269.9842 ,3.44286 ,0.58277 ,5.71815 
1403 ,270.1922 ,3.44496 ,0.61015 ,5.98678 
1404 ,270.3688 ,3.44678 ,0.61015 ,5.98678 
1405 ,270.5603 ,3.44864 ,0.58619 ,5.75173 
1406 ,270.7525 ,3.45053 ,0.60330 ,5.91962 
1407 ,270.9444 ,3.45244 ,0.58619 ,5.75173 
1408 ,271.1204 ,3.45426 ,0.59646 ,5.85247 
1409 ,271.2967 ,3.45605 ,0.58962 ,5.78531 
1410 ,271.4729 ,3.45777 ,0.59646 ,5.85247 
1411 ,271.6649 ,3.45967 ,0.59646 ,5.85247 
1412 ,271.8727 ,3.46177 ,0.61357 ,6.02036 
1413 ,272.0811 ,3.46385 ,0.58962 ,5.78531 
1414 ,272.2727 ,3.46570 ,0.60330 ,5.91962 
1415 ,272.4491 ,3.46753 ,0.60673 ,5.95320 
1416 ,272.6411 ,3.46938 ,0.59988 ,5.88605 
1417 ,272.8329 ,3.47143 ,0.59988 ,5.88605 
1418 ,273.0252 ,3.47327 ,0.59646 ,5.85247 
1419 ,273.2330 ,3.47531 ,0.60673 ,5.95320 
1420 ,273.4094 ,3.47716 ,0.58962 ,5.78531 
1421 ,273.5854 ,3.47894 ,0.59304 ,5.81889 
1422 ,273.7777 ,3.48077 ,0.60673 ,5.95320 
1423 ,273.9696 ,3.48271 ,0.60673 ,5.95320 
1424 ,274.1458 ,3.48454 ,0.60330 ,5.91962 
1425 ,274.3377 ,3.48640 ,0.61015 ,5.98678 
1426 ,274.5460 ,3.48847 ,0.59646 ,5.85247 
1427 ,274.7221 ,3.49034 ,0.58277 ,5.71815 
1428 ,274.8981 ,3.49203 ,0.59304 ,5.81889 
1429 ,275.0902 ,3.49388 ,0.59646 ,5.85247 
1430 ,275.2982 ,3.49589 ,0.59304 ,5.81889 
1431 ,275.4903 ,3.49754 ,0.60330 ,5.91962 
1432 ,275.6984 ,3.49885 ,0.60330 ,5.91962 
1433 ,275.9066 ,3.49964 ,0.59646 ,5.85247 
1434 ,276.0984 ,3.49996 ,0.59988 ,5.88605 
