Data stamp = , 03-04-2022 00:20:11 862

Calibration Values: 
Slope = , 26.54 , g/V 
Offset Voltage at no contact = , -0.501760 , V 

No , Time , Stage Position ,   Mass , Force 
   ,  (s) ,      (mm)      ,   (g)  , (mN)  

1 ,0.0000 ,0.64949 ,4.93919 ,48.46333 
2 ,0.2144 ,0.64959 ,4.95630 ,48.63122 
3 ,0.5029 ,0.65035 ,4.96999 ,48.76554 
4 ,0.7111 ,0.65179 ,4.97683 ,48.83269 
5 ,0.9032 ,0.65333 ,4.96657 ,48.73196 
6 ,1.0792 ,0.65503 ,4.95630 ,48.63122 
7 ,1.2555 ,0.65677 ,4.95972 ,48.66480 
8 ,1.4313 ,0.65851 ,4.96657 ,48.73196 
9 ,1.6235 ,0.66040 ,4.93235 ,48.39618 
10 ,1.8316 ,0.66249 ,4.96315 ,48.69838 
11 ,2.0236 ,0.66444 ,4.91866 ,48.26186 
12 ,2.1996 ,0.66625 ,4.90839 ,48.16113 
13 ,2.3917 ,0.66816 ,4.91181 ,48.19471 
14 ,2.5677 ,0.66994 ,4.90839 ,48.16113 
15 ,2.7440 ,0.67167 ,4.87075 ,47.79177 
16 ,2.9361 ,0.67352 ,4.87075 ,47.79177 
17 ,3.1122 ,0.67539 ,4.86048 ,47.69103 
18 ,3.2882 ,0.67720 ,4.84679 ,47.55672 
19 ,3.4963 ,0.67915 ,4.83310 ,47.42240 
20 ,3.6720 ,0.68101 ,4.81599 ,47.25451 
21 ,3.8484 ,0.68275 ,4.80573 ,47.15378 
22 ,4.0244 ,0.68453 ,4.77150 ,46.81800 
23 ,4.2006 ,0.68623 ,4.75097 ,46.61653 
24 ,4.3767 ,0.68805 ,4.74755 ,46.58295 
25 ,4.5528 ,0.68982 ,4.73386 ,46.44863 
26 ,4.7288 ,0.69154 ,4.73044 ,46.41506 
27 ,4.9208 ,0.69340 ,4.69622 ,46.07927 
28 ,5.0970 ,0.69521 ,4.68253 ,45.94496 
29 ,5.2728 ,0.69702 ,4.67911 ,45.91138 
30 ,5.4650 ,0.69893 ,4.65857 ,45.70991 
31 ,5.6408 ,0.70063 ,4.62777 ,45.40771 
32 ,5.8173 ,0.70241 ,4.61751 ,45.30697 
33 ,6.0093 ,0.70436 ,4.62435 ,45.37413 
34 ,6.2015 ,0.70613 ,4.58671 ,45.00477 
35 ,6.3934 ,0.70820 ,4.56960 ,44.83688 
36 ,6.5697 ,0.70995 ,4.56960 ,44.83688 
37 ,6.7618 ,0.71187 ,4.52853 ,44.43394 
38 ,6.9214 ,0.71356 ,4.51826 ,44.33320 
39 ,7.0975 ,0.71519 ,4.50115 ,44.16531 
40 ,7.2734 ,0.71697 ,4.48746 ,44.03100 
41 ,7.4335 ,0.71869 ,4.48746 ,44.03100 
42 ,7.5935 ,0.72031 ,4.45666 ,43.72879 
43 ,7.7697 ,0.72191 ,4.43955 ,43.56090 
44 ,7.9621 ,0.72381 ,4.40875 ,43.25870 
45 ,8.1218 ,0.72557 ,4.39507 ,43.12438 
46 ,8.2979 ,0.72719 ,4.38822 ,43.05723 
47 ,8.4739 ,0.72895 ,4.37111 ,42.88933 
48 ,8.6501 ,0.73075 ,4.34716 ,42.65429 
49 ,8.8102 ,0.73244 ,4.31978 ,42.38566 
50 ,8.9862 ,0.73411 ,4.30951 ,42.28492 
51 ,9.1624 ,0.73586 ,4.29924 ,42.18419 
52 ,9.3384 ,0.73758 ,4.27871 ,41.98272 
53 ,9.4984 ,0.73930 ,4.27187 ,41.91556 
54 ,9.6745 ,0.74095 ,4.25476 ,41.74767 
55 ,9.8506 ,0.74274 ,4.24449 ,41.64694 
56 ,10.0266 ,0.74448 ,4.22053 ,41.41189 
57 ,10.1866 ,0.74621 ,4.20685 ,41.27758 
58 ,10.3628 ,0.74780 ,4.18631 ,41.07611 
59 ,10.5388 ,0.74959 ,4.17262 ,40.94179 
60 ,10.6988 ,0.75133 ,4.14525 ,40.67317 
61 ,10.8749 ,0.75299 ,4.13156 ,40.53885 
62 ,11.0510 ,0.75477 ,4.12129 ,40.43812 
63 ,11.2111 ,0.75644 ,4.10418 ,40.27023 
64 ,11.3875 ,0.75810 ,4.08707 ,40.10233 
65 ,11.5635 ,0.75982 ,4.05969 ,39.83371 
66 ,11.7394 ,0.76160 ,4.04943 ,39.73297 
67 ,11.9157 ,0.76335 ,4.02889 ,39.53150 
68 ,12.0918 ,0.76526 ,4.02205 ,39.46435 
69 ,12.2679 ,0.76691 ,3.99467 ,39.19572 
70 ,12.4759 ,0.76888 ,3.97414 ,38.99425 
71 ,12.6522 ,0.77074 ,3.96729 ,38.92709 
72 ,12.8282 ,0.77255 ,3.94334 ,38.69205 
73 ,13.0041 ,0.77427 ,3.93307 ,38.59131 
74 ,13.2122 ,0.77631 ,3.91596 ,38.42342 
75 ,13.3879 ,0.77807 ,3.88174 ,38.08764 
76 ,13.5645 ,0.77985 ,3.85779 ,37.85259 
77 ,13.7565 ,0.78179 ,3.85094 ,37.78543 
78 ,13.9325 ,0.78355 ,3.84410 ,37.71828 
79 ,14.1083 ,0.78527 ,3.83725 ,37.65112 
80 ,14.3008 ,0.78714 ,3.80645 ,37.34891 
81 ,14.4929 ,0.78916 ,3.79619 ,37.24818 
82 ,14.6848 ,0.79103 ,3.75512 ,36.84524 
83 ,14.8611 ,0.79287 ,3.73117 ,36.61019 
84 ,15.0532 ,0.79475 ,3.73117 ,36.61019 
85 ,15.2287 ,0.79654 ,3.71063 ,36.40872 
86 ,15.4050 ,0.79825 ,3.67983 ,36.10652 
87 ,15.5812 ,0.80001 ,3.65588 ,35.87147 
88 ,15.7575 ,0.80179 ,3.65588 ,35.87147 
89 ,15.9655 ,0.80375 ,3.64219 ,35.73716 
90 ,16.1574 ,0.80574 ,3.61823 ,35.50211 
91 ,16.3335 ,0.80754 ,3.60797 ,35.40137 
92 ,16.5096 ,0.80935 ,3.58059 ,35.13275 
93 ,16.6857 ,0.81109 ,3.57032 ,35.03201 
94 ,16.8618 ,0.81276 ,3.53610 ,34.69623 
95 ,17.0378 ,0.81458 ,3.52584 ,34.59549 
96 ,17.2138 ,0.81635 ,3.51215 ,34.46118 
97 ,17.3735 ,0.81805 ,3.49846 ,34.32687 
98 ,17.5501 ,0.81970 ,3.48819 ,34.22613 
99 ,17.7262 ,0.82148 ,3.46081 ,33.95751 
100 ,17.9020 ,0.82326 ,3.44713 ,33.82319 
101 ,18.0942 ,0.82512 ,3.43686 ,33.72246 
102 ,18.2703 ,0.82692 ,3.42317 ,33.58814 
103 ,18.4627 ,0.82880 ,3.38553 ,33.21878 
104 ,18.6381 ,0.83056 ,3.38210 ,33.18520 
105 ,18.8147 ,0.83234 ,3.37868 ,33.15163 
106 ,19.0227 ,0.83433 ,3.35130 ,32.88300 
107 ,19.1988 ,0.83623 ,3.32393 ,32.61437 
108 ,19.3749 ,0.83799 ,3.32735 ,32.64795 
109 ,19.5667 ,0.83989 ,3.29313 ,32.31217 
110 ,19.7586 ,0.84180 ,3.27259 ,32.11070 
111 ,19.9349 ,0.84350 ,3.26917 ,32.07712 
112 ,20.1110 ,0.84530 ,3.25548 ,31.94281 
113 ,20.2871 ,0.84706 ,3.23153 ,31.70776 
114 ,20.4790 ,0.84900 ,3.21100 ,31.50629 
115 ,20.6713 ,0.85086 ,3.20073 ,31.40555 
116 ,20.8313 ,0.85264 ,3.16993 ,31.10335 
117 ,21.0234 ,0.85438 ,3.15282 ,30.93546 
118 ,21.1996 ,0.85615 ,3.14597 ,30.86830 
119 ,21.3756 ,0.85793 ,3.13913 ,30.80115 
120 ,21.5674 ,0.85980 ,3.12544 ,30.66683 
121 ,21.7600 ,0.86175 ,3.10833 ,30.49894 
122 ,21.9519 ,0.86372 ,3.08095 ,30.23031 
123 ,22.1278 ,0.86548 ,3.06726 ,30.09600 
124 ,22.3039 ,0.86720 ,3.03647 ,29.79380 
125 ,22.4800 ,0.86901 ,3.02962 ,29.72664 
126 ,22.6556 ,0.87074 ,3.02962 ,29.72664 
127 ,22.8321 ,0.87246 ,3.00909 ,29.52517 
128 ,23.0240 ,0.87443 ,2.98513 ,29.29012 
129 ,23.2000 ,0.87617 ,2.97487 ,29.18939 
130 ,23.3763 ,0.87796 ,2.95776 ,29.02150 
131 ,23.5523 ,0.87969 ,2.93380 ,28.78645 
132 ,23.7285 ,0.88144 ,2.91669 ,28.61856 
133 ,23.9045 ,0.88319 ,2.89616 ,28.41709 
134 ,24.0807 ,0.88496 ,2.90300 ,28.48424 
135 ,24.2727 ,0.88688 ,2.88247 ,28.28277 
136 ,24.4485 ,0.88872 ,2.85509 ,28.01415 
137 ,24.6408 ,0.89052 ,2.83798 ,27.84625 
138 ,24.8009 ,0.89227 ,2.83114 ,27.77910 
139 ,24.9768 ,0.89395 ,2.81402 ,27.61121 
140 ,25.1531 ,0.89570 ,2.80034 ,27.47689 
141 ,25.3448 ,0.89753 ,2.78322 ,27.30900 
142 ,25.5213 ,0.89941 ,2.75927 ,27.07395 
143 ,25.7133 ,0.90129 ,2.75585 ,27.04038 
144 ,25.8893 ,0.90309 ,2.73189 ,26.80533 
145 ,26.0813 ,0.90500 ,2.71478 ,26.63744 
146 ,26.2572 ,0.90670 ,2.72163 ,26.70459 
147 ,26.4335 ,0.90851 ,2.69083 ,26.40239 
148 ,26.6095 ,0.91024 ,2.66003 ,26.10018 
149 ,26.7857 ,0.91204 ,2.65318 ,26.03303 
150 ,26.9778 ,0.91393 ,2.63607 ,25.86514 
151 ,27.1696 ,0.91588 ,2.62581 ,25.76440 
152 ,27.3459 ,0.91762 ,2.61212 ,25.63009 
153 ,27.5219 ,0.91938 ,2.58816 ,25.39504 
154 ,27.6980 ,0.92112 ,2.58132 ,25.32788 
155 ,27.8898 ,0.92306 ,2.55394 ,25.05926 
156 ,28.0662 ,0.92485 ,2.54710 ,24.99210 
157 ,28.2585 ,0.92673 ,2.53341 ,24.85779 
158 ,28.4505 ,0.92859 ,2.51287 ,24.65632 
159 ,28.6261 ,0.93045 ,2.49234 ,24.45485 
160 ,28.8182 ,0.93224 ,2.47865 ,24.32053 
161 ,29.0105 ,0.93421 ,2.46154 ,24.15264 
162 ,29.1864 ,0.93601 ,2.44101 ,23.95117 
163 ,29.3623 ,0.93772 ,2.43416 ,23.88402 
164 ,29.5387 ,0.93956 ,2.43074 ,23.85044 
165 ,29.7147 ,0.94128 ,2.41363 ,23.68255 
166 ,29.9069 ,0.94329 ,2.38283 ,23.38034 
167 ,30.0988 ,0.94514 ,2.38283 ,23.38034 
168 ,30.2749 ,0.94693 ,2.37599 ,23.31318 
169 ,30.4512 ,0.94868 ,2.35203 ,23.07814 
170 ,30.6272 ,0.95043 ,2.32808 ,22.84309 
171 ,30.8193 ,0.95237 ,2.32808 ,22.84309 
172 ,30.9953 ,0.95407 ,2.31781 ,22.74235 
173 ,31.1715 ,0.95582 ,2.29728 ,22.54088 
174 ,31.3636 ,0.95767 ,2.27674 ,22.33941 
175 ,31.5555 ,0.95970 ,2.25963 ,22.17152 
176 ,31.7316 ,0.96145 ,2.23226 ,21.90290 
177 ,31.9076 ,0.96321 ,2.22199 ,21.80216 
178 ,32.0996 ,0.96516 ,2.22199 ,21.80216 
179 ,32.2756 ,0.96691 ,2.20488 ,21.63427 
180 ,32.4678 ,0.96881 ,2.17408 ,21.33206 
181 ,32.6439 ,0.97059 ,2.16381 ,21.23133 
182 ,32.8362 ,0.97251 ,2.15012 ,21.09702 
183 ,33.0122 ,0.97429 ,2.14670 ,21.06344 
184 ,33.1879 ,0.97607 ,2.11932 ,20.79481 
185 ,33.3643 ,0.97780 ,2.11590 ,20.76123 
186 ,33.5564 ,0.97965 ,2.10221 ,20.62692 
187 ,33.7325 ,0.98150 ,2.08852 ,20.49261 
188 ,33.9085 ,0.98321 ,2.06115 ,20.22398 
189 ,34.0847 ,0.98499 ,2.04746 ,20.08967 
190 ,34.2605 ,0.98674 ,2.03719 ,19.98893 
191 ,34.4368 ,0.98851 ,2.03377 ,19.95535 
192 ,34.6290 ,0.99035 ,2.00639 ,19.68673 
193 ,34.8209 ,0.99233 ,1.99955 ,19.61957 
194 ,34.9965 ,0.99407 ,1.98586 ,19.48526 
195 ,35.1731 ,0.99583 ,1.95506 ,19.18305 
196 ,35.3489 ,0.99768 ,1.93795 ,19.01516 
197 ,35.5411 ,0.99952 ,1.94479 ,19.08232 
198 ,35.7332 ,1.00134 ,1.94137 ,19.04874 
199 ,35.9094 ,1.00322 ,1.90373 ,18.67938 
200 ,36.1014 ,1.00504 ,1.87635 ,18.41075 
201 ,36.2936 ,1.00707 ,1.88319 ,18.47791 
202 ,36.4856 ,1.00892 ,1.84555 ,18.10855 
203 ,36.6777 ,1.01092 ,1.86266 ,18.27644 
204 ,36.8535 ,1.01268 ,1.84555 ,18.10855 
205 ,37.0297 ,1.01442 ,1.81475 ,17.80634 
206 ,37.2218 ,1.01634 ,1.80106 ,17.67203 
207 ,37.3816 ,1.01807 ,1.79422 ,17.60487 
208 ,37.5581 ,1.01975 ,1.78053 ,17.47056 
209 ,37.7501 ,1.02164 ,1.76000 ,17.26909 
210 ,37.9422 ,1.02354 ,1.74973 ,17.16836 
211 ,38.1181 ,1.02529 ,1.73604 ,17.03404 
212 ,38.2944 ,1.02705 ,1.72920 ,16.96689 
213 ,38.5019 ,1.02911 ,1.70182 ,16.69826 
214 ,38.6784 ,1.03091 ,1.69498 ,16.63110 
215 ,38.8542 ,1.03265 ,1.67444 ,16.42963 
216 ,39.0307 ,1.03440 ,1.66418 ,16.32890 
217 ,39.2065 ,1.03619 ,1.64707 ,16.16101 
218 ,39.3829 ,1.03797 ,1.62653 ,15.95954 
219 ,39.5584 ,1.03969 ,1.61969 ,15.89238 
220 ,39.7350 ,1.04142 ,1.61969 ,15.89238 
221 ,39.9270 ,1.04338 ,1.58204 ,15.52302 
222 ,40.1030 ,1.04511 ,1.57178 ,15.42228 
223 ,40.3111 ,1.04720 ,1.55809 ,15.28797 
224 ,40.4872 ,1.04897 ,1.54440 ,15.15366 
225 ,40.6632 ,1.05075 ,1.53413 ,15.05292 
226 ,40.8394 ,1.05247 ,1.53413 ,15.05292 
227 ,41.0474 ,1.05447 ,1.49307 ,14.64998 
228 ,41.2233 ,1.05635 ,1.49649 ,14.68356 
229 ,41.4156 ,1.05826 ,1.47596 ,14.48209 
230 ,41.6077 ,1.06011 ,1.45542 ,14.28062 
231 ,41.7837 ,1.06195 ,1.44516 ,14.17989 
232 ,41.9601 ,1.06372 ,1.44516 ,14.17989 
233 ,42.1521 ,1.06565 ,1.41778 ,13.91126 
234 ,42.3279 ,1.06743 ,1.39383 ,13.67621 
235 ,42.5360 ,1.06934 ,1.39725 ,13.70979 
236 ,42.7119 ,1.07123 ,1.38698 ,13.60906 
237 ,42.8880 ,1.07305 ,1.35960 ,13.34043 
238 ,43.0801 ,1.07490 ,1.35960 ,13.34043 
239 ,43.2567 ,1.07668 ,1.35618 ,13.30685 
240 ,43.4643 ,1.07858 ,1.30485 ,12.80318 
241 ,43.6406 ,1.08054 ,1.31854 ,12.93749 
242 ,43.8323 ,1.08244 ,1.29800 ,12.73602 
243 ,44.0086 ,1.08416 ,1.28432 ,12.60171 
244 ,44.1846 ,1.08597 ,1.26720 ,12.43381 
245 ,44.3769 ,1.08786 ,1.27063 ,12.46739 
246 ,44.5689 ,1.08979 ,1.23298 ,12.09803 
247 ,44.7609 ,1.09165 ,1.25352 ,12.29950 
248 ,44.9370 ,1.09344 ,1.23983 ,12.16519 
249 ,45.1131 ,1.09521 ,1.20561 ,11.82941 
250 ,45.3052 ,1.09706 ,1.18850 ,11.66151 
251 ,45.4972 ,1.09907 ,1.18850 ,11.66151 
252 ,45.6730 ,1.10078 ,1.17138 ,11.49362 
253 ,45.8492 ,1.10260 ,1.14401 ,11.22500 
254 ,46.0575 ,1.10458 ,1.13716 ,11.15784 
255 ,46.2495 ,1.10662 ,1.12347 ,11.02353 
256 ,46.4257 ,1.10833 ,1.13032 ,11.09068 
257 ,46.6178 ,1.11019 ,1.10636 ,10.85563 
258 ,46.8096 ,1.11220 ,1.06187 ,10.41912 
259 ,46.9855 ,1.11394 ,1.06530 ,10.45270 
260 ,47.1780 ,1.11576 ,1.06187 ,10.41912 
261 ,47.3701 ,1.11780 ,1.05161 ,10.31838 
262 ,47.5623 ,1.11961 ,1.02765 ,10.08333 
263 ,47.7380 ,1.12147 ,1.02081 ,10.01618 
264 ,47.9303 ,1.12341 ,0.99685 ,9.78113 
265 ,48.1219 ,1.12522 ,0.99343 ,9.74755 
266 ,48.2820 ,1.12701 ,0.99343 ,9.74755 
267 ,48.4420 ,1.12863 ,0.98317 ,9.64682 
268 ,48.6185 ,1.13028 ,0.96605 ,9.47892 
269 ,48.7945 ,1.13214 ,0.93525 ,9.17672 
270 ,48.9708 ,1.13380 ,0.92157 ,9.04241 
271 ,49.1468 ,1.13552 ,0.91130 ,8.94167 
272 ,49.3387 ,1.13740 ,0.92157 ,9.04241 
273 ,49.5150 ,1.13921 ,0.89761 ,8.80736 
274 ,49.7073 ,1.14109 ,0.88392 ,8.67305 
275 ,49.8831 ,1.14296 ,0.86339 ,8.47158 
276 ,50.0752 ,1.14478 ,0.85654 ,8.40442 
277 ,50.2512 ,1.14659 ,0.84970 ,8.33726 
278 ,50.4431 ,1.14845 ,0.83259 ,8.16937 
279 ,50.6194 ,1.15026 ,0.83259 ,8.16937 
280 ,50.7954 ,1.15205 ,0.80179 ,7.86717 
281 ,50.9714 ,1.15377 ,0.78810 ,7.73285 
282 ,51.1475 ,1.15558 ,0.78810 ,7.73285 
283 ,51.3397 ,1.15750 ,0.78810 ,7.73285 
284 ,51.5478 ,1.15946 ,0.76757 ,7.53138 
285 ,51.7235 ,1.16128 ,0.76072 ,7.46423 
286 ,51.8997 ,1.16306 ,0.75388 ,7.39707 
287 ,52.0761 ,1.16483 ,0.72992 ,7.16202 
288 ,52.2677 ,1.16676 ,0.70597 ,6.92697 
289 ,52.4442 ,1.16851 ,0.70939 ,6.96055 
290 ,52.6203 ,1.17027 ,0.70939 ,6.96055 
291 ,52.8124 ,1.17209 ,0.67175 ,6.59119 
292 ,53.0043 ,1.17405 ,0.67517 ,6.62477 
293 ,53.1804 ,1.17588 ,0.67175 ,6.59119 
294 ,53.3564 ,1.17760 ,0.65464 ,6.42330 
295 ,53.5324 ,1.17937 ,0.63410 ,6.22183 
296 ,53.7086 ,1.18112 ,0.62384 ,6.12109 
297 ,53.8846 ,1.18291 ,0.61015 ,5.98678 
298 ,54.0609 ,1.18463 ,0.61015 ,5.98678 
299 ,54.2686 ,1.18667 ,0.58962 ,5.78531 
300 ,54.4450 ,1.18852 ,0.56566 ,5.55026 
301 ,54.6370 ,1.19040 ,0.57251 ,5.61742 
302 ,54.8132 ,1.19221 ,0.55539 ,5.44953 
303 ,55.0212 ,1.19425 ,0.54513 ,5.34879 
304 ,55.1972 ,1.19604 ,0.53144 ,5.21448 
305 ,55.3733 ,1.19776 ,0.51091 ,5.01301 
306 ,55.5654 ,1.19961 ,0.52117 ,5.11375 
307 ,55.7577 ,1.20161 ,0.49380 ,4.84512 
308 ,55.9334 ,1.20336 ,0.47668 ,4.67723 
309 ,56.1257 ,1.20530 ,0.46642 ,4.57649 
310 ,56.3178 ,1.20712 ,0.45957 ,4.50934 
311 ,56.4934 ,1.20894 ,0.44931 ,4.40860 
312 ,56.6699 ,1.21076 ,0.43904 ,4.30787 
313 ,56.8622 ,1.21269 ,0.42535 ,4.17355 
314 ,57.0540 ,1.21452 ,0.40140 ,3.93850 
315 ,57.2301 ,1.21637 ,0.39113 ,3.83777 
316 ,57.4060 ,1.21811 ,0.38429 ,3.77061 
317 ,57.5982 ,1.22000 ,0.39797 ,3.90493 
318 ,57.7903 ,1.22191 ,0.36375 ,3.56914 
319 ,57.9661 ,1.22372 ,0.34664 ,3.40125 
320 ,58.1422 ,1.22550 ,0.34664 ,3.40125 
321 ,58.3185 ,1.22723 ,0.35349 ,3.46841 
322 ,58.5105 ,1.22905 ,0.32269 ,3.16620 
323 ,58.6866 ,1.23086 ,0.31242 ,3.06547 
324 ,58.8787 ,1.23282 ,0.30558 ,2.99831 
325 ,59.0550 ,1.23459 ,0.28504 ,2.79684 
326 ,59.2309 ,1.23637 ,0.27820 ,2.72969 
327 ,59.4230 ,1.23816 ,0.25767 ,2.52822 
328 ,59.6147 ,1.24019 ,0.25767 ,2.52822 
329 ,59.7912 ,1.24194 ,0.23713 ,2.32675 
330 ,59.9831 ,1.24386 ,0.23371 ,2.29317 
331 ,60.1753 ,1.24576 ,0.21660 ,2.12528 
332 ,60.3668 ,1.24773 ,0.20291 ,1.99096 
333 ,60.5429 ,1.24946 ,0.18238 ,1.78949 
334 ,60.7029 ,1.25120 ,0.19949 ,1.95738 
335 ,60.8631 ,1.25278 ,0.18580 ,1.82307 
336 ,61.0396 ,1.25445 ,0.19264 ,1.89023 
337 ,61.2315 ,1.25637 ,0.15500 ,1.52087 
338 ,61.4078 ,1.25809 ,0.13789 ,1.35298 
339 ,61.5997 ,1.26003 ,0.14131 ,1.38655 
340 ,61.7759 ,1.26179 ,0.13447 ,1.31940 
341 ,61.9519 ,1.26354 ,0.11051 ,1.08435 
342 ,62.1441 ,1.26544 ,0.11051 ,1.08435 
343 ,62.3200 ,1.26721 ,0.10025 ,0.98361 
344 ,62.4962 ,1.26898 ,0.08314 ,0.81572 
345 ,62.6722 ,1.27076 ,0.07629 ,0.74857 
346 ,62.8482 ,1.27243 ,0.05576 ,0.54710 
347 ,63.0244 ,1.27425 ,0.05234 ,0.51352 
348 ,63.2165 ,1.27621 ,0.05234 ,0.51352 
349 ,63.3925 ,1.27796 ,0.03180 ,0.31205 
350 ,63.5686 ,1.27969 ,0.01469 ,0.14416 
351 ,63.7607 ,1.28161 ,0.01469 ,0.14416 
352 ,63.9365 ,1.28344 ,-0.00926 ,-0.09089 
353 ,64.1128 ,1.28510 ,-0.02295 ,-0.22520 
354 ,64.2889 ,1.28691 ,-0.01953 ,-0.19163 
355 ,64.4807 ,1.28883 ,-0.02295 ,-0.22520 
356 ,64.6572 ,1.29061 ,-0.03664 ,-0.35952 
357 ,64.8332 ,1.29236 ,-0.05375 ,-0.52741 
358 ,65.0252 ,1.29428 ,-0.06060 ,-0.59457 
359 ,65.2011 ,1.29602 ,-0.07428 ,-0.72888 
360 ,65.4093 ,1.29803 ,-0.10508 ,-1.03108 
361 ,65.5855 ,1.29989 ,-0.09140 ,-0.89677 
362 ,65.7936 ,1.30195 ,-0.10166 ,-0.99751 
363 ,65.9693 ,1.30371 ,-0.12904 ,-1.26613 
364 ,66.1457 ,1.30549 ,-0.12219 ,-1.19898 
365 ,66.3219 ,1.30727 ,-0.12562 ,-1.23255 
366 ,66.5298 ,1.30928 ,-0.15642 ,-1.53476 
367 ,66.7056 ,1.31107 ,-0.15984 ,-1.56834 
368 ,66.8981 ,1.31288 ,-0.17353 ,-1.70265 
369 ,67.0739 ,1.31474 ,-0.19406 ,-1.90412 
370 ,67.2502 ,1.31651 ,-0.19406 ,-1.90412 
371 ,67.4423 ,1.31842 ,-0.20433 ,-2.00485 
372 ,67.6502 ,1.32047 ,-0.19748 ,-1.93770 
373 ,67.8261 ,1.32228 ,-0.23170 ,-2.27348 
374 ,68.0184 ,1.32412 ,-0.21802 ,-2.13917 
375 ,68.1943 ,1.32592 ,-0.23170 ,-2.27348 
376 ,68.3866 ,1.32791 ,-0.25566 ,-2.50853 
377 ,68.5785 ,1.32979 ,-0.24539 ,-2.40779 
378 ,68.7547 ,1.33158 ,-0.25908 ,-2.54211 
379 ,68.9306 ,1.33331 ,-0.28988 ,-2.84431 
380 ,69.1226 ,1.33521 ,-0.27961 ,-2.74358 
381 ,69.2990 ,1.33702 ,-0.30015 ,-2.94505 
382 ,69.4751 ,1.33872 ,-0.29673 ,-2.91147 
383 ,69.6512 ,1.34054 ,-0.31041 ,-3.04578 
384 ,69.8593 ,1.34250 ,-0.31726 ,-3.11294 
385 ,70.0513 ,1.34442 ,-0.31726 ,-3.11294 
386 ,70.2268 ,1.34630 ,-0.35490 ,-3.48230 
387 ,70.4035 ,1.34806 ,-0.36517 ,-3.58303 
388 ,70.5956 ,1.34997 ,-0.34806 ,-3.41514 
389 ,70.7714 ,1.35172 ,-0.36859 ,-3.61661 
390 ,70.9640 ,1.35362 ,-0.38228 ,-3.75093 
391 ,71.1398 ,1.35537 ,-0.38570 ,-3.78450 
392 ,71.3158 ,1.35716 ,-0.38912 ,-3.81808 
393 ,71.4918 ,1.35892 ,-0.40966 ,-4.01955 
394 ,71.6677 ,1.36066 ,-0.41650 ,-4.08671 
395 ,71.8441 ,1.36239 ,-0.41992 ,-4.12029 
396 ,72.0358 ,1.36437 ,-0.41992 ,-4.12029 
397 ,72.2442 ,1.36634 ,-0.44730 ,-4.38891 
398 ,72.4200 ,1.36818 ,-0.44730 ,-4.38891 
399 ,72.6123 ,1.37002 ,-0.45072 ,-4.42249 
400 ,72.7882 ,1.37191 ,-0.47468 ,-4.65754 
401 ,72.9805 ,1.37379 ,-0.46441 ,-4.55681 
402 ,73.1725 ,1.37570 ,-0.47468 ,-4.65754 
403 ,73.3483 ,1.37749 ,-0.49863 ,-4.89259 
404 ,73.5247 ,1.37921 ,-0.51232 ,-5.02690 
405 ,73.7168 ,1.38117 ,-0.50206 ,-4.92617 
406 ,73.9088 ,1.38297 ,-0.51917 ,-5.09406 
407 ,74.0850 ,1.38482 ,-0.53628 ,-5.26195 
408 ,74.2768 ,1.38673 ,-0.52259 ,-5.12764 
409 ,74.4525 ,1.38851 ,-0.53970 ,-5.29553 
410 ,74.6290 ,1.39023 ,-0.55681 ,-5.46342 
411 ,74.8051 ,1.39201 ,-0.57392 ,-5.63131 
412 ,74.9812 ,1.39376 ,-0.57734 ,-5.66489 
413 ,75.1572 ,1.39552 ,-0.56708 ,-5.56415 
414 ,75.3493 ,1.39737 ,-0.58077 ,-5.69847 
415 ,75.5252 ,1.39918 ,-0.60130 ,-5.89994 
416 ,75.7015 ,1.40100 ,-0.60472 ,-5.93352 
417 ,75.8774 ,1.40271 ,-0.61156 ,-6.00067 
418 ,76.0695 ,1.40465 ,-0.62868 ,-6.16856 
419 ,76.2458 ,1.40642 ,-0.64236 ,-6.30288 
420 ,76.4217 ,1.40819 ,-0.63210 ,-6.20214 
421 ,76.5979 ,1.40992 ,-0.64921 ,-6.37003 
422 ,76.7739 ,1.41166 ,-0.64921 ,-6.37003 
423 ,76.9498 ,1.41344 ,-0.66974 ,-6.57150 
424 ,77.1421 ,1.41532 ,-0.67659 ,-6.63866 
425 ,77.3662 ,1.41749 ,-0.68685 ,-6.73940 
426 ,77.5420 ,1.41938 ,-0.70396 ,-6.90729 
427 ,77.7184 ,1.42116 ,-0.69712 ,-6.84013 
428 ,77.9105 ,1.42306 ,-0.70739 ,-6.94086 
429 ,78.0866 ,1.42486 ,-0.72450 ,-7.10876 
430 ,78.2786 ,1.42666 ,-0.73818 ,-7.24307 
431 ,78.4545 ,1.42854 ,-0.72450 ,-7.10876 
432 ,78.6307 ,1.43029 ,-0.74161 ,-7.27665 
433 ,78.8228 ,1.43217 ,-0.75530 ,-7.41096 
434 ,78.9986 ,1.43396 ,-0.76556 ,-7.51170 
435 ,79.1749 ,1.43569 ,-0.76214 ,-7.47812 
436 ,79.3510 ,1.43751 ,-0.78952 ,-7.74674 
437 ,79.5431 ,1.43929 ,-0.78952 ,-7.74674 
438 ,79.7189 ,1.44116 ,-0.78267 ,-7.67959 
439 ,79.8953 ,1.44294 ,-0.78267 ,-7.67959 
440 ,80.0714 ,1.44471 ,-0.81005 ,-7.94821 
441 ,80.2472 ,1.44645 ,-0.82374 ,-8.08253 
442 ,80.4236 ,1.44823 ,-0.83743 ,-8.21684 
443 ,80.5995 ,1.44999 ,-0.83058 ,-8.14968 
444 ,80.7753 ,1.45170 ,-0.83401 ,-8.18326 
445 ,80.9518 ,1.45352 ,-0.84427 ,-8.28400 
446 ,81.1438 ,1.45537 ,-0.88192 ,-8.65336 
447 ,81.3199 ,1.45712 ,-0.86481 ,-8.48547 
448 ,81.5120 ,1.45904 ,-0.88534 ,-8.68694 
449 ,81.7039 ,1.46095 ,-0.89560 ,-8.78767 
450 ,81.8797 ,1.46269 ,-0.89560 ,-8.78767 
451 ,82.0561 ,1.46451 ,-0.89560 ,-8.78767 
452 ,82.2482 ,1.46635 ,-0.90587 ,-8.88841 
453 ,82.4403 ,1.46823 ,-0.91956 ,-9.02272 
454 ,82.6485 ,1.47034 ,-0.91272 ,-8.95556 
455 ,82.8404 ,1.47226 ,-0.92640 ,-9.08988 
456 ,83.0327 ,1.47426 ,-0.94009 ,-9.22419 
457 ,83.2404 ,1.47631 ,-0.93667 ,-9.19061 
458 ,83.4167 ,1.47811 ,-0.93667 ,-9.19061 
459 ,83.6087 ,1.48000 ,-0.96063 ,-9.42566 
460 ,83.7849 ,1.48181 ,-0.99143 ,-9.72786 
461 ,83.9928 ,1.48381 ,-0.98800 ,-9.69429 
462 ,84.1690 ,1.48564 ,-0.99827 ,-9.79502 
463 ,84.3610 ,1.48755 ,-1.01196 ,-9.92933 
464 ,84.5371 ,1.48929 ,-1.00169 ,-9.82860 
465 ,84.7133 ,1.49109 ,-0.99485 ,-9.76144 
466 ,84.9372 ,1.49316 ,-1.01538 ,-9.96291 
467 ,85.1134 ,1.49510 ,-1.03249 ,-10.13080 
468 ,85.3055 ,1.49701 ,-1.03591 ,-10.16438 
469 ,85.4815 ,1.49879 ,-1.05302 ,-10.33227 
470 ,85.6736 ,1.50051 ,-1.04276 ,-10.23154 
471 ,85.8495 ,1.50240 ,-1.06671 ,-10.46659 
472 ,86.0097 ,1.50415 ,-1.07014 ,-10.50016 
473 ,86.1860 ,1.50583 ,-1.08040 ,-10.60090 
474 ,86.3618 ,1.50755 ,-1.09067 ,-10.70163 
475 ,86.5381 ,1.50931 ,-1.08725 ,-10.66806 
476 ,86.7300 ,1.51116 ,-1.10093 ,-10.80237 
477 ,86.9062 ,1.51300 ,-1.10093 ,-10.80237 
478 ,87.0977 ,1.51491 ,-1.09751 ,-10.76879 
479 ,87.2743 ,1.51672 ,-1.10436 ,-10.83595 
480 ,87.4662 ,1.51864 ,-1.13173 ,-11.10457 
481 ,87.6423 ,1.52033 ,-1.14200 ,-11.20531 
482 ,87.8185 ,1.52211 ,-1.13173 ,-11.10457 
483 ,88.0426 ,1.52420 ,-1.14542 ,-11.23889 
484 ,88.2347 ,1.52622 ,-1.16253 ,-11.40678 
485 ,88.4108 ,1.52803 ,-1.16938 ,-11.47394 
486 ,88.6028 ,1.52992 ,-1.17280 ,-11.50751 
487 ,88.7789 ,1.53167 ,-1.17280 ,-11.50751 
488 ,88.9550 ,1.53348 ,-1.17964 ,-11.57467 
489 ,89.1470 ,1.53532 ,-1.18307 ,-11.60825 
490 ,89.3231 ,1.53711 ,-1.20702 ,-11.84330 
491 ,89.5153 ,1.53902 ,-1.21044 ,-11.87688 
492 ,89.6914 ,1.54088 ,-1.21729 ,-11.94403 
493 ,89.8673 ,1.54259 ,-1.23440 ,-12.11192 
494 ,90.0433 ,1.54437 ,-1.23440 ,-12.11192 
495 ,90.2195 ,1.54610 ,-1.24124 ,-12.17908 
496 ,90.4116 ,1.54795 ,-1.24809 ,-12.24624 
497 ,90.5876 ,1.54979 ,-1.26178 ,-12.38055 
498 ,90.7639 ,1.55160 ,-1.25835 ,-12.34697 
499 ,90.9398 ,1.55336 ,-1.26862 ,-12.44771 
500 ,91.1319 ,1.55524 ,-1.26862 ,-12.44771 
501 ,91.3076 ,1.55699 ,-1.29258 ,-12.68275 
502 ,91.4839 ,1.55880 ,-1.29942 ,-12.74991 
503 ,91.6605 ,1.56047 ,-1.28231 ,-12.58202 
504 ,91.8361 ,1.56227 ,-1.29942 ,-12.74991 
505 ,92.0120 ,1.56400 ,-1.33022 ,-13.05212 
506 ,92.1883 ,1.56579 ,-1.30626 ,-12.81707 
507 ,92.3800 ,1.56769 ,-1.32680 ,-13.01854 
508 ,92.5566 ,1.56950 ,-1.33022 ,-13.05212 
509 ,92.7485 ,1.57141 ,-1.34733 ,-13.22001 
510 ,92.9246 ,1.57315 ,-1.36102 ,-13.35432 
511 ,93.1007 ,1.57489 ,-1.36102 ,-13.35432 
512 ,93.2765 ,1.57670 ,-1.34733 ,-13.22001 
513 ,93.4525 ,1.57839 ,-1.36444 ,-13.38790 
514 ,93.6288 ,1.58017 ,-1.38497 ,-13.58937 
515 ,93.8047 ,1.58199 ,-1.40551 ,-13.79084 
516 ,93.9809 ,1.58371 ,-1.39182 ,-13.65653 
517 ,94.1571 ,1.58549 ,-1.39524 ,-13.69010 
518 ,94.3331 ,1.58721 ,-1.39524 ,-13.69010 
519 ,94.5088 ,1.58900 ,-1.42262 ,-13.95873 
520 ,94.6852 ,1.59073 ,-1.42946 ,-14.02589 
521 ,94.8774 ,1.59266 ,-1.41235 ,-13.85799 
522 ,95.0534 ,1.59445 ,-1.42604 ,-13.99231 
523 ,95.2295 ,1.59621 ,-1.43973 ,-14.12662 
524 ,95.4055 ,1.59793 ,-1.46368 ,-14.36167 
525 ,95.5813 ,1.59971 ,-1.46026 ,-14.32809 
526 ,95.7577 ,1.60143 ,-1.44657 ,-14.19378 
527 ,95.9338 ,1.60325 ,-1.45342 ,-14.26093 
528 ,96.1099 ,1.60497 ,-1.49448 ,-14.66387 
529 ,96.3019 ,1.60684 ,-1.46711 ,-14.39525 
530 ,96.4780 ,1.60869 ,-1.48764 ,-14.59672 
531 ,96.6540 ,1.61054 ,-1.50133 ,-14.73103 
532 ,96.8138 ,1.61217 ,-1.51844 ,-14.89892 
533 ,96.9902 ,1.61382 ,-1.49791 ,-14.69745 
534 ,97.1664 ,1.61558 ,-1.52186 ,-14.93250 
535 ,97.3592 ,1.61745 ,-1.51159 ,-14.83177 
536 ,97.5344 ,1.61924 ,-1.51502 ,-14.86534 
537 ,97.7105 ,1.62096 ,-1.53897 ,-15.10039 
538 ,97.8865 ,1.62277 ,-1.55266 ,-15.23471 
539 ,98.0626 ,1.62449 ,-1.54924 ,-15.20113 
540 ,98.2548 ,1.62633 ,-1.54239 ,-15.13397 
541 ,98.4469 ,1.62825 ,-1.56635 ,-15.36902 
542 ,98.6229 ,1.63016 ,-1.58688 ,-15.57049 
543 ,98.7987 ,1.63187 ,-1.56977 ,-15.40260 
544 ,98.9750 ,1.63360 ,-1.58004 ,-15.50333 
545 ,99.1672 ,1.63560 ,-1.59715 ,-15.67122 
546 ,99.3429 ,1.63732 ,-1.60742 ,-15.77196 
547 ,99.5194 ,1.63907 ,-1.60399 ,-15.73838 
548 ,99.7111 ,1.64090 ,-1.62110 ,-15.90627 
549 ,99.8875 ,1.64281 ,-1.63821 ,-16.07416 
550 ,100.0795 ,1.64466 ,-1.61768 ,-15.87269 
551 ,100.2556 ,1.64644 ,-1.62453 ,-15.93985 
552 ,100.4477 ,1.64835 ,-1.65190 ,-16.20848 
553 ,100.6239 ,1.65014 ,-1.64848 ,-16.17490 
554 ,100.7994 ,1.65189 ,-1.66559 ,-16.34279 
555 ,100.9757 ,1.65364 ,-1.65190 ,-16.20848 
556 ,101.1679 ,1.65554 ,-1.67586 ,-16.44352 
557 ,101.3439 ,1.65734 ,-1.68955 ,-16.57784 
558 ,101.5041 ,1.65903 ,-1.67586 ,-16.44352 
559 ,101.6804 ,1.66068 ,-1.67928 ,-16.47710 
560 ,101.8720 ,1.66249 ,-1.69981 ,-16.67857 
561 ,102.0483 ,1.66438 ,-1.70324 ,-16.71215 
562 ,102.2404 ,1.66623 ,-1.69981 ,-16.67857 
563 ,102.4164 ,1.66804 ,-1.70666 ,-16.74573 
564 ,102.5926 ,1.66975 ,-1.73404 ,-17.01436 
565 ,102.8006 ,1.67182 ,-1.73746 ,-17.04793 
566 ,102.9764 ,1.67359 ,-1.73746 ,-17.04793 
567 ,103.1527 ,1.67542 ,-1.74430 ,-17.11509 
568 ,103.3289 ,1.67711 ,-1.76483 ,-17.31656 
569 ,103.5208 ,1.67912 ,-1.75457 ,-17.21582 
570 ,103.6969 ,1.68087 ,-1.76141 ,-17.28298 
571 ,103.8891 ,1.68276 ,-1.78879 ,-17.55161 
572 ,104.0651 ,1.68464 ,-1.76483 ,-17.31656 
573 ,104.2411 ,1.68626 ,-1.78195 ,-17.48445 
574 ,104.4172 ,1.68804 ,-1.78879 ,-17.55161 
575 ,104.5934 ,1.68982 ,-1.80590 ,-17.71950 
576 ,104.7854 ,1.69174 ,-1.82986 ,-17.95455 
577 ,104.9615 ,1.69343 ,-1.81617 ,-17.82023 
578 ,105.1375 ,1.69520 ,-1.81275 ,-17.78666 
579 ,105.3297 ,1.69713 ,-1.83670 ,-18.02170 
580 ,105.5058 ,1.69890 ,-1.83670 ,-18.02170 
581 ,105.6818 ,1.70065 ,-1.82643 ,-17.92097 
582 ,105.8577 ,1.70241 ,-1.82986 ,-17.95455 
583 ,106.0336 ,1.70423 ,-1.83328 ,-17.98813 
584 ,106.2101 ,1.70589 ,-1.85039 ,-18.15602 
585 ,106.4019 ,1.70786 ,-1.85723 ,-18.22317 
586 ,106.5783 ,1.70960 ,-1.86408 ,-18.29033 
587 ,106.7701 ,1.71154 ,-1.87777 ,-18.42464 
588 ,106.9463 ,1.71333 ,-1.88461 ,-18.49180 
589 ,107.1224 ,1.71509 ,-1.89488 ,-18.59254 
590 ,107.3143 ,1.71696 ,-1.90514 ,-18.69327 
591 ,107.5384 ,1.71906 ,-1.88803 ,-18.52538 
592 ,107.7145 ,1.72099 ,-1.90172 ,-18.65969 
593 ,107.8908 ,1.72279 ,-1.91541 ,-18.79401 
594 ,108.0825 ,1.72465 ,-1.92225 ,-18.86116 
595 ,108.2586 ,1.72642 ,-1.92910 ,-18.92832 
596 ,108.4510 ,1.72822 ,-1.92225 ,-18.86116 
597 ,108.6430 ,1.73026 ,-1.95648 ,-19.19694 
598 ,108.8192 ,1.73200 ,-1.93252 ,-18.96190 
599 ,108.9951 ,1.73386 ,-1.96674 ,-19.29768 
600 ,109.1713 ,1.73550 ,-1.95990 ,-19.23052 
601 ,109.3472 ,1.73729 ,-1.96332 ,-19.26410 
602 ,109.5233 ,1.73905 ,-1.97016 ,-19.33126 
603 ,109.6994 ,1.74080 ,-1.97701 ,-19.39841 
604 ,109.8755 ,1.74258 ,-1.97359 ,-19.36484 
605 ,110.0675 ,1.74449 ,-2.00439 ,-19.66704 
606 ,110.2434 ,1.74627 ,-2.00439 ,-19.66704 
607 ,110.4197 ,1.74802 ,-2.00096 ,-19.63346 
608 ,110.6277 ,1.75006 ,-2.02492 ,-19.86851 
609 ,110.8037 ,1.75184 ,-2.02150 ,-19.83493 
610 ,110.9958 ,1.75378 ,-2.01808 ,-19.80135 
611 ,111.1721 ,1.75557 ,-2.02834 ,-19.90209 
612 ,111.3639 ,1.75743 ,-2.05230 ,-20.13714 
613 ,111.5402 ,1.75926 ,-2.03519 ,-19.96925 
614 ,111.7162 ,1.76102 ,-2.03519 ,-19.96925 
615 ,111.8923 ,1.76278 ,-2.05914 ,-20.20429 
616 ,112.0681 ,1.76453 ,-2.07625 ,-20.37219 
617 ,112.2444 ,1.76624 ,-2.07625 ,-20.37219 
618 ,112.4203 ,1.76802 ,-2.06941 ,-20.30503 
619 ,112.5967 ,1.76985 ,-2.07283 ,-20.33861 
620 ,112.7887 ,1.77172 ,-2.09679 ,-20.57366 
621 ,112.9650 ,1.77347 ,-2.10021 ,-20.60723 
622 ,113.1569 ,1.77539 ,-2.08994 ,-20.50650 
623 ,113.3488 ,1.77733 ,-2.12074 ,-20.80870 
624 ,113.5248 ,1.77902 ,-2.11390 ,-20.74155 
625 ,113.7010 ,1.78080 ,-2.11390 ,-20.74155 
626 ,113.8770 ,1.78258 ,-2.11732 ,-20.77512 
627 ,114.0851 ,1.78466 ,-2.13785 ,-20.97659 
628 ,114.2612 ,1.78638 ,-2.12758 ,-20.87586 
629 ,114.4373 ,1.78820 ,-2.13785 ,-20.97659 
630 ,114.6295 ,1.79011 ,-2.17207 ,-21.31238 
631 ,114.8376 ,1.79211 ,-2.15496 ,-21.14449 
632 ,115.0298 ,1.79412 ,-2.18234 ,-21.41311 
633 ,115.2218 ,1.79607 ,-2.16523 ,-21.24522 
634 ,115.3977 ,1.79781 ,-2.16181 ,-21.21164 
635 ,115.5897 ,1.79964 ,-2.16865 ,-21.27880 
636 ,115.7661 ,1.80155 ,-2.17892 ,-21.37953 
637 ,115.9420 ,1.80326 ,-2.19261 ,-21.51385 
638 ,116.1181 ,1.80496 ,-2.18918 ,-21.48027 
639 ,116.3100 ,1.80686 ,-2.21314 ,-21.71532 
640 ,116.4863 ,1.80865 ,-2.21314 ,-21.71532 
641 ,116.6780 ,1.81058 ,-2.20287 ,-21.61458 
642 ,116.8545 ,1.81237 ,-2.23025 ,-21.88321 
643 ,117.0305 ,1.81415 ,-2.23025 ,-21.88321 
644 ,117.2063 ,1.81594 ,-2.24394 ,-22.01752 
645 ,117.3824 ,1.81763 ,-2.24394 ,-22.01752 
646 ,117.5745 ,1.81957 ,-2.25078 ,-22.08468 
647 ,117.7343 ,1.82123 ,-2.26447 ,-22.21899 
648 ,117.9106 ,1.82286 ,-2.25078 ,-22.08468 
649 ,118.0868 ,1.82467 ,-2.26447 ,-22.21899 
650 ,118.2632 ,1.82645 ,-2.26105 ,-22.18541 
651 ,118.4390 ,1.82818 ,-2.25420 ,-22.11826 
652 ,118.6152 ,1.82992 ,-2.26789 ,-22.25257 
653 ,118.7909 ,1.83174 ,-2.26447 ,-22.21899 
654 ,118.9677 ,1.83347 ,-2.29527 ,-22.52120 
655 ,119.1594 ,1.83541 ,-2.26447 ,-22.21899 
656 ,119.3511 ,1.83734 ,-2.29527 ,-22.52120 
657 ,119.5436 ,1.83912 ,-2.28158 ,-22.38688 
658 ,119.7356 ,1.84114 ,-2.27816 ,-22.35330 
659 ,119.9115 ,1.84289 ,-2.28500 ,-22.42046 
660 ,120.1038 ,1.84478 ,-2.28158 ,-22.38688 
661 ,120.2956 ,1.84672 ,-2.29185 ,-22.48762 
662 ,120.4720 ,1.84852 ,-2.29869 ,-22.55477 
663 ,120.6639 ,1.85044 ,-2.30554 ,-22.62193 
664 ,120.8401 ,1.85216 ,-2.30212 ,-22.58835 
665 ,121.0317 ,1.85410 ,-2.31580 ,-22.72267 
666 ,121.2078 ,1.85582 ,-2.31923 ,-22.75624 
667 ,121.3840 ,1.85767 ,-2.31580 ,-22.72267 
668 ,121.6084 ,1.85978 ,-2.31580 ,-22.72267 
669 ,121.8003 ,1.86179 ,-2.32607 ,-22.82340 
670 ,121.9764 ,1.86365 ,-2.34318 ,-22.99129 
671 ,122.1524 ,1.86534 ,-2.35003 ,-23.05845 
672 ,122.3447 ,1.86723 ,-2.34660 ,-23.02487 
673 ,122.5207 ,1.86901 ,-2.35003 ,-23.05845 
674 ,122.7288 ,1.87102 ,-2.38082 ,-23.36065 
675 ,122.9208 ,1.87299 ,-2.36029 ,-23.15918 
676 ,123.0806 ,1.87469 ,-2.37398 ,-23.29350 
677 ,123.2573 ,1.87637 ,-2.38082 ,-23.36065 
678 ,123.4328 ,1.87812 ,-2.38767 ,-23.42781 
679 ,123.6251 ,1.87993 ,-2.40136 ,-23.56212 
680 ,123.8013 ,1.88184 ,-2.39794 ,-23.52855 
681 ,123.9934 ,1.88364 ,-2.39451 ,-23.49497 
682 ,124.1854 ,1.88555 ,-2.41162 ,-23.66286 
683 ,124.3775 ,1.88749 ,-2.41847 ,-23.73002 
684 ,124.5536 ,1.88928 ,-2.43558 ,-23.89791 
685 ,124.7459 ,1.89121 ,-2.43216 ,-23.86433 
686 ,124.9378 ,1.89310 ,-2.43900 ,-23.93149 
687 ,125.1134 ,1.89495 ,-2.45611 ,-24.09938 
688 ,125.2898 ,1.89666 ,-2.46638 ,-24.20011 
689 ,125.4661 ,1.89845 ,-2.46296 ,-24.16653 
690 ,125.6580 ,1.90036 ,-2.45611 ,-24.09938 
691 ,125.8501 ,1.90227 ,-2.48691 ,-24.40158 
692 ,126.0421 ,1.90419 ,-2.49376 ,-24.46874 
693 ,126.2182 ,1.90591 ,-2.48691 ,-24.40158 
694 ,126.3943 ,1.90771 ,-2.49376 ,-24.46874 
695 ,126.5702 ,1.90943 ,-2.51087 ,-24.63663 
696 ,126.7627 ,1.91137 ,-2.49376 ,-24.46874 
697 ,126.9546 ,1.91325 ,-2.50402 ,-24.56947 
698 ,127.1304 ,1.91507 ,-2.52456 ,-24.77094 
699 ,127.3067 ,1.91698 ,-2.51087 ,-24.63663 
700 ,127.4989 ,1.91873 ,-2.51771 ,-24.70379 
701 ,127.7070 ,1.92083 ,-2.54167 ,-24.93883 
702 ,127.8989 ,1.92272 ,-2.52456 ,-24.77094 
703 ,128.0750 ,1.92451 ,-2.54167 ,-24.93883 
704 ,128.2508 ,1.92628 ,-2.55878 ,-25.10673 
705 ,128.4271 ,1.92803 ,-2.55536 ,-25.07315 
706 ,128.6194 ,1.92995 ,-2.55536 ,-25.07315 
707 ,128.8114 ,1.93182 ,-2.57589 ,-25.27462 
708 ,128.9874 ,1.93367 ,-2.58615 ,-25.37535 
709 ,129.1795 ,1.93550 ,-2.57589 ,-25.27462 
710 ,129.3551 ,1.93731 ,-2.58273 ,-25.34177 
711 ,129.5315 ,1.93907 ,-2.58958 ,-25.40893 
712 ,129.7078 ,1.94088 ,-2.59984 ,-25.50967 
713 ,129.8997 ,1.94276 ,-2.58615 ,-25.37535 
714 ,130.0758 ,1.94450 ,-2.60669 ,-25.57682 
715 ,130.2520 ,1.94630 ,-2.62038 ,-25.71114 
716 ,130.4440 ,1.94817 ,-2.60327 ,-25.54324 
717 ,130.6202 ,1.94996 ,-2.60327 ,-25.54324 
718 ,130.8282 ,1.95189 ,-2.62380 ,-25.74471 
719 ,131.0203 ,1.95388 ,-2.63064 ,-25.81187 
720 ,131.2282 ,1.95587 ,-2.62038 ,-25.71114 
721 ,131.4043 ,1.95783 ,-2.63749 ,-25.87903 
722 ,131.5805 ,1.95958 ,-2.64433 ,-25.94618 
723 ,131.7724 ,1.96151 ,-2.66144 ,-26.11407 
724 ,131.9482 ,1.96327 ,-2.66829 ,-26.18123 
725 ,132.1246 ,1.96500 ,-2.66829 ,-26.18123 
726 ,132.3008 ,1.96677 ,-2.65460 ,-26.04692 
727 ,132.4764 ,1.96855 ,-2.65802 ,-26.08050 
728 ,132.6530 ,1.97031 ,-2.69224 ,-26.41628 
729 ,132.8611 ,1.97225 ,-2.67855 ,-26.28197 
730 ,133.0530 ,1.97426 ,-2.68198 ,-26.31554 
731 ,133.2290 ,1.97602 ,-2.69909 ,-26.48344 
732 ,133.4050 ,1.97783 ,-2.68540 ,-26.34912 
733 ,133.5809 ,1.97955 ,-2.68882 ,-26.38270 
734 ,133.7573 ,1.98131 ,-2.70935 ,-26.58417 
735 ,133.9335 ,1.98303 ,-2.72304 ,-26.71848 
736 ,134.1095 ,1.98486 ,-2.72989 ,-26.78564 
737 ,134.3014 ,1.98675 ,-2.71620 ,-26.65133 
738 ,134.4777 ,1.98851 ,-2.73331 ,-26.81922 
739 ,134.6536 ,1.99031 ,-2.73673 ,-26.85280 
740 ,134.8298 ,1.99198 ,-2.74015 ,-26.88638 
741 ,135.0220 ,1.99392 ,-2.74015 ,-26.88638 
742 ,135.1980 ,1.99576 ,-2.72989 ,-26.78564 
743 ,135.3901 ,1.99765 ,-2.76753 ,-27.15500 
744 ,135.5662 ,1.99943 ,-2.75042 ,-26.98711 
745 ,135.7421 ,2.00115 ,-2.75726 ,-27.05427 
746 ,135.9343 ,2.00310 ,-2.77780 ,-27.25574 
747 ,136.1264 ,2.00500 ,-2.76753 ,-27.15500 
748 ,136.3184 ,2.00685 ,-2.76069 ,-27.08785 
749 ,136.5106 ,2.00883 ,-2.78806 ,-27.35647 
750 ,136.6863 ,2.01055 ,-2.78806 ,-27.35647 
751 ,136.8786 ,2.01242 ,-2.77780 ,-27.25574 
752 ,137.0707 ,2.01444 ,-2.80175 ,-27.49079 
753 ,137.2626 ,2.01624 ,-2.79833 ,-27.45721 
754 ,137.4550 ,2.01832 ,-2.80860 ,-27.55794 
755 ,137.6309 ,2.02001 ,-2.78464 ,-27.32289 
756 ,137.8067 ,2.02178 ,-2.81544 ,-27.62510 
757 ,137.9831 ,2.02355 ,-2.79491 ,-27.42363 
758 ,138.1592 ,2.02535 ,-2.79491 ,-27.42363 
759 ,138.3353 ,2.02713 ,-2.81202 ,-27.59152 
760 ,138.5112 ,2.02882 ,-2.81886 ,-27.65868 
761 ,138.6875 ,2.03059 ,-2.80860 ,-27.55794 
762 ,138.8634 ,2.03236 ,-2.80517 ,-27.52436 
763 ,139.0395 ,2.03414 ,-2.80860 ,-27.55794 
764 ,139.2315 ,2.03596 ,-2.81886 ,-27.65868 
765 ,139.4237 ,2.03788 ,-2.81202 ,-27.59152 
766 ,139.6157 ,2.03979 ,-2.83255 ,-27.79299 
767 ,139.8079 ,2.04182 ,-2.84282 ,-27.89372 
768 ,139.9839 ,2.04354 ,-2.82913 ,-27.75941 
769 ,140.1761 ,2.04552 ,-2.84282 ,-27.89372 
770 ,140.3680 ,2.04739 ,-2.84966 ,-27.96088 
771 ,140.5601 ,2.04927 ,-2.83940 ,-27.86015 
772 ,140.7361 ,2.05107 ,-2.87019 ,-28.16235 
773 ,140.9279 ,2.05301 ,-2.85993 ,-28.06162 
774 ,141.1043 ,2.05476 ,-2.84966 ,-27.96088 
775 ,141.2805 ,2.05651 ,-2.85993 ,-28.06162 
776 ,141.4724 ,2.05845 ,-2.87019 ,-28.16235 
777 ,141.6486 ,2.06023 ,-2.89073 ,-28.36382 
778 ,141.8246 ,2.06202 ,-2.87019 ,-28.16235 
779 ,142.0003 ,2.06381 ,-2.88388 ,-28.29666 
780 ,142.1767 ,2.06546 ,-2.89415 ,-28.39740 
781 ,142.3528 ,2.06727 ,-2.90784 ,-28.53171 
782 ,142.5289 ,2.06899 ,-2.90784 ,-28.53171 
783 ,142.7210 ,2.07092 ,-2.90442 ,-28.49813 
784 ,142.9130 ,2.07278 ,-2.91468 ,-28.59887 
785 ,143.0889 ,2.07458 ,-2.91811 ,-28.63245 
786 ,143.2648 ,2.07630 ,-2.91468 ,-28.59887 
787 ,143.4409 ,2.07810 ,-2.91811 ,-28.63245 
788 ,143.6010 ,2.07982 ,-2.92837 ,-28.73318 
789 ,143.7774 ,2.08148 ,-2.93522 ,-28.80034 
790 ,143.9534 ,2.08326 ,-2.95233 ,-28.96823 
791 ,144.1295 ,2.08499 ,-2.94890 ,-28.93465 
792 ,144.3054 ,2.08672 ,-2.93179 ,-28.76676 
793 ,144.4817 ,2.08853 ,-2.94890 ,-28.93465 
794 ,144.6576 ,2.09024 ,-2.96259 ,-29.06897 
795 ,144.8497 ,2.09207 ,-2.97286 ,-29.16970 
796 ,145.0259 ,2.09394 ,-2.97286 ,-29.16970 
797 ,145.2178 ,2.09586 ,-2.97970 ,-29.23686 
798 ,145.4101 ,2.09773 ,-2.98997 ,-29.33759 
799 ,145.5860 ,2.09957 ,-2.97970 ,-29.23686 
800 ,145.7621 ,2.10133 ,-2.94548 ,-28.90107 
801 ,145.9382 ,2.10309 ,-2.82228 ,-27.69225 
802 ,146.1140 ,2.10487 ,-2.68540 ,-26.34912 
803 ,146.2903 ,2.10658 ,-2.57589 ,-25.27462 
804 ,146.4823 ,2.10847 ,-2.42874 ,-23.83075 
805 ,146.6587 ,2.11028 ,-2.27132 ,-22.28615 
806 ,146.8505 ,2.11219 ,0.39797 ,3.90493 
807 ,147.0265 ,2.11394 ,0.49380 ,4.84512 
808 ,147.2028 ,2.11567 ,0.50406 ,4.94585 
809 ,147.3788 ,2.11749 ,0.48695 ,4.77796 
810 ,147.5709 ,2.11943 ,0.47668 ,4.67723 
811 ,147.7632 ,2.12130 ,0.49380 ,4.84512 
812 ,147.9390 ,2.12311 ,0.51433 ,5.04659 
813 ,148.1148 ,2.12494 ,0.49037 ,4.81154 
814 ,148.3067 ,2.12672 ,0.48353 ,4.74438 
815 ,148.4832 ,2.12851 ,0.50064 ,4.91228 
816 ,148.6594 ,2.13032 ,0.50064 ,4.91228 
817 ,148.8351 ,2.13204 ,0.49037 ,4.81154 
818 ,149.0274 ,2.13391 ,0.49722 ,4.87870 
819 ,149.2033 ,2.13571 ,0.50064 ,4.91228 
820 ,149.3792 ,2.13749 ,0.49722 ,4.87870 
821 ,149.5558 ,2.13930 ,0.49722 ,4.87870 
822 ,149.7318 ,2.14102 ,0.47326 ,4.64365 
823 ,149.9078 ,2.14274 ,0.48695 ,4.77796 
824 ,150.1157 ,2.14476 ,0.48353 ,4.74438 
825 ,150.3080 ,2.14666 ,0.48353 ,4.74438 
826 ,150.4999 ,2.14869 ,0.50064 ,4.91228 
827 ,150.6760 ,2.15046 ,0.49722 ,4.87870 
828 ,150.8522 ,2.15217 ,0.48011 ,4.71081 
829 ,151.0441 ,2.15411 ,0.50064 ,4.91228 
830 ,151.2203 ,2.15584 ,0.50406 ,4.94585 
831 ,151.4123 ,2.15782 ,0.49722 ,4.87870 
832 ,151.5884 ,2.15951 ,0.49037 ,4.81154 
833 ,151.7804 ,2.16144 ,0.49037 ,4.81154 
834 ,151.9564 ,2.16323 ,0.48695 ,4.77796 
835 ,152.1486 ,2.16510 ,0.50064 ,4.91228 
836 ,152.3247 ,2.16690 ,0.50406 ,4.94585 
837 ,152.5165 ,2.16884 ,0.47326 ,4.64365 
838 ,152.6927 ,2.17064 ,0.49722 ,4.87870 
839 ,152.8687 ,2.17236 ,0.49037 ,4.81154 
840 ,153.0449 ,2.17411 ,0.49722 ,4.87870 
841 ,153.2210 ,2.17587 ,0.49722 ,4.87870 
842 ,153.3971 ,2.17762 ,0.49037 ,4.81154 
843 ,153.5731 ,2.17941 ,0.49037 ,4.81154 
844 ,153.7813 ,2.18139 ,0.49722 ,4.87870 
845 ,153.9734 ,2.18343 ,0.49380 ,4.84512 
846 ,154.1653 ,2.18530 ,0.50406 ,4.94585 
847 ,154.3415 ,2.18703 ,0.49037 ,4.81154 
848 ,154.5336 ,2.18902 ,0.47668 ,4.67723 
849 ,154.7256 ,2.19090 ,0.49380 ,4.84512 
850 ,154.8857 ,2.19263 ,0.50064 ,4.91228 
851 ,155.0619 ,2.19431 ,0.50064 ,4.91228 
852 ,155.2539 ,2.19610 ,0.48695 ,4.77796 
853 ,155.4460 ,2.19811 ,0.49722 ,4.87870 
854 ,155.6221 ,2.19985 ,0.50406 ,4.94585 
855 ,155.7980 ,2.20171 ,0.49037 ,4.81154 
856 ,155.9901 ,2.20352 ,0.50064 ,4.91228 
857 ,156.1662 ,2.20530 ,0.50064 ,4.91228 
858 ,156.3424 ,2.20709 ,0.49722 ,4.87870 
859 ,156.5184 ,2.20884 ,0.48011 ,4.71081 
860 ,156.6945 ,2.21065 ,0.49722 ,4.87870 
861 ,156.8705 ,2.21238 ,0.49380 ,4.84512 
862 ,157.0626 ,2.21429 ,0.50748 ,4.97943 
863 ,157.2385 ,2.21602 ,0.50064 ,4.91228 
864 ,157.4149 ,2.21776 ,0.48695 ,4.77796 
865 ,157.6069 ,2.21974 ,0.50064 ,4.91228 
866 ,157.7827 ,2.22148 ,0.50406 ,4.94585 
867 ,157.9589 ,2.22327 ,0.49380 ,4.84512 
868 ,158.1349 ,2.22497 ,0.48353 ,4.74438 
869 ,158.3111 ,2.22675 ,0.47668 ,4.67723 
870 ,158.4868 ,2.22854 ,0.49037 ,4.81154 
871 ,158.6633 ,2.23026 ,0.50406 ,4.94585 
872 ,158.8393 ,2.23206 ,0.49037 ,4.81154 
873 ,159.0313 ,2.23394 ,0.48011 ,4.71081 
874 ,159.2231 ,2.23585 ,0.49037 ,4.81154 
875 ,159.3995 ,2.23764 ,0.48695 ,4.77796 
876 ,159.5756 ,2.23942 ,0.48353 ,4.74438 
877 ,159.7679 ,2.24128 ,0.49380 ,4.84512 
878 ,159.9434 ,2.24308 ,0.50406 ,4.94585 
879 ,160.1198 ,2.24483 ,0.48695 ,4.77796 
880 ,160.2958 ,2.24659 ,0.47668 ,4.67723 
881 ,160.4878 ,2.24845 ,0.50064 ,4.91228 
882 ,160.6642 ,2.25028 ,0.49722 ,4.87870 
883 ,160.8560 ,2.25216 ,0.47668 ,4.67723 
884 ,161.0318 ,2.25395 ,0.49037 ,4.81154 
885 ,161.2083 ,2.25573 ,0.49037 ,4.81154 
886 ,161.3843 ,2.25749 ,0.49037 ,4.81154 
887 ,161.5763 ,2.25940 ,0.48695 ,4.77796 
888 ,161.7524 ,2.26116 ,0.48695 ,4.77796 
889 ,161.9286 ,2.26288 ,0.49037 ,4.81154 
890 ,162.1366 ,2.26497 ,0.48695 ,4.77796 
891 ,162.3127 ,2.26678 ,0.48353 ,4.74438 
892 ,162.4887 ,2.26850 ,0.49380 ,4.84512 
893 ,162.6649 ,2.27030 ,0.49722 ,4.87870 
894 ,162.8568 ,2.27218 ,0.48695 ,4.77796 
895 ,163.0330 ,2.27398 ,0.48353 ,4.74438 
896 ,163.1930 ,2.27570 ,0.48353 ,4.74438 
897 ,163.3690 ,2.27729 ,0.49380 ,4.84512 
898 ,163.5452 ,2.27906 ,0.49722 ,4.87870 
899 ,163.7370 ,2.28099 ,0.49037 ,4.81154 
900 ,163.9132 ,2.28271 ,0.48695 ,4.77796 
901 ,164.1054 ,2.28457 ,0.50064 ,4.91228 
902 ,164.2813 ,2.28647 ,0.51091 ,5.01301 
903 ,164.4736 ,2.28838 ,0.49722 ,4.87870 
904 ,164.6656 ,2.29030 ,0.49380 ,4.84512 
905 ,164.8576 ,2.29223 ,0.49037 ,4.81154 
906 ,165.0496 ,2.29400 ,0.48695 ,4.77796 
907 ,165.2417 ,2.29602 ,0.50064 ,4.91228 
908 ,165.4338 ,2.29794 ,0.48695 ,4.77796 
909 ,165.6260 ,2.29989 ,0.50748 ,4.97943 
910 ,165.8019 ,2.30163 ,0.50406 ,4.94585 
911 ,165.9941 ,2.30357 ,0.49722 ,4.87870 
912 ,166.1701 ,2.30531 ,0.49722 ,4.87870 
913 ,166.3622 ,2.30724 ,0.50748 ,4.97943 
914 ,166.5383 ,2.30899 ,0.48353 ,4.74438 
915 ,166.7304 ,2.31090 ,0.50064 ,4.91228 
916 ,166.9065 ,2.31269 ,0.49380 ,4.84512 
917 ,167.0982 ,2.31464 ,0.49722 ,4.87870 
918 ,167.2747 ,2.31638 ,0.49722 ,4.87870 
919 ,167.4504 ,2.31814 ,0.49380 ,4.84512 
920 ,167.6269 ,2.31989 ,0.50406 ,4.94585 
921 ,167.8028 ,2.32167 ,0.50406 ,4.94585 
922 ,167.9786 ,2.32337 ,0.50406 ,4.94585 
923 ,168.1547 ,2.32518 ,0.48353 ,4.74438 
924 ,168.3147 ,2.32686 ,0.50406 ,4.94585 
925 ,168.4911 ,2.32852 ,0.48353 ,4.74438 
926 ,168.6832 ,2.33044 ,0.49722 ,4.87870 
927 ,168.8593 ,2.33218 ,0.48695 ,4.77796 
928 ,169.0354 ,2.33398 ,0.49722 ,4.87870 
929 ,169.2435 ,2.33588 ,0.50064 ,4.91228 
930 ,169.4354 ,2.33798 ,0.48695 ,4.77796 
931 ,169.6273 ,2.33980 ,0.49722 ,4.87870 
932 ,169.8037 ,2.34165 ,0.50748 ,4.97943 
933 ,169.9798 ,2.34340 ,0.50406 ,4.94585 
934 ,170.1719 ,2.34531 ,0.49037 ,4.81154 
935 ,170.3477 ,2.34706 ,0.50406 ,4.94585 
936 ,170.5236 ,2.34884 ,0.50406 ,4.94585 
937 ,170.6998 ,2.35059 ,0.49380 ,4.84512 
938 ,170.8922 ,2.35255 ,0.48353 ,4.74438 
939 ,171.0843 ,2.35440 ,0.50064 ,4.91228 
940 ,171.2604 ,2.35620 ,0.50748 ,4.97943 
941 ,171.4524 ,2.35803 ,0.49380 ,4.84512 
942 ,171.6440 ,2.36003 ,0.50748 ,4.97943 
943 ,171.8201 ,2.36177 ,0.51775 ,5.08017 
944 ,172.0121 ,2.36362 ,0.48695 ,4.77796 
945 ,172.1883 ,2.36548 ,0.50064 ,4.91228 
946 ,172.3804 ,2.36730 ,0.49722 ,4.87870 
947 ,172.5728 ,2.36927 ,0.48695 ,4.77796 
948 ,172.7487 ,2.37109 ,0.49037 ,4.81154 
949 ,172.9572 ,2.37316 ,0.48353 ,4.74438 
950 ,173.1653 ,2.37513 ,0.49722 ,4.87870 
951 ,173.3411 ,2.37708 ,0.49380 ,4.84512 
952 ,173.5171 ,2.37872 ,0.49722 ,4.87870 
953 ,173.7091 ,2.38070 ,0.50748 ,4.97943 
954 ,173.8853 ,2.38245 ,0.50064 ,4.91228 
955 ,174.0775 ,2.38434 ,0.48011 ,4.71081 
956 ,174.2535 ,2.38615 ,0.48353 ,4.74438 
957 ,174.4295 ,2.38793 ,0.50406 ,4.94585 
958 ,174.6217 ,2.38978 ,0.49380 ,4.84512 
959 ,174.7972 ,2.39167 ,0.49722 ,4.87870 
960 ,174.9739 ,2.39329 ,0.49037 ,4.81154 
961 ,175.1499 ,2.39509 ,0.50406 ,4.94585 
962 ,175.3260 ,2.39683 ,0.51091 ,5.01301 
963 ,175.5019 ,2.39858 ,0.49380 ,4.84512 
964 ,175.6942 ,2.40043 ,0.48695 ,4.77796 
965 ,175.8704 ,2.40233 ,0.48695 ,4.77796 
966 ,176.0622 ,2.40419 ,0.49037 ,4.81154 
967 ,176.2380 ,2.40597 ,0.48353 ,4.74438 
968 ,176.4142 ,2.40768 ,0.49037 ,4.81154 
969 ,176.5904 ,2.40949 ,0.50406 ,4.94585 
970 ,176.7667 ,2.41122 ,0.51433 ,5.04659 
971 ,176.9427 ,2.41298 ,0.49722 ,4.87870 
972 ,177.1343 ,2.41486 ,0.49722 ,4.87870 
973 ,177.3107 ,2.41667 ,0.50064 ,4.91228 
974 ,177.4869 ,2.41842 ,0.50064 ,4.91228 
975 ,177.6951 ,2.42045 ,0.49380 ,4.84512 
976 ,177.8711 ,2.42231 ,0.50064 ,4.91228 
977 ,178.0631 ,2.42428 ,0.49722 ,4.87870 
978 ,178.2388 ,2.42600 ,0.49722 ,4.87870 
979 ,178.4152 ,2.42771 ,0.49380 ,4.84512 
980 ,178.5753 ,2.42944 ,0.49722 ,4.87870 
981 ,178.7513 ,2.43107 ,0.50406 ,4.94585 
982 ,178.9272 ,2.43282 ,0.49722 ,4.87870 
983 ,179.1196 ,2.43475 ,0.49722 ,4.87870 
984 ,179.3272 ,2.43680 ,0.50748 ,4.97943 
985 ,179.5037 ,2.43858 ,0.49722 ,4.87870 
986 ,179.6956 ,2.44050 ,0.49037 ,4.81154 
987 ,179.8717 ,2.44227 ,0.50064 ,4.91228 
988 ,180.0476 ,2.44400 ,0.49722 ,4.87870 
989 ,180.2241 ,2.44582 ,0.51433 ,5.04659 
990 ,180.4321 ,2.44786 ,0.49380 ,4.84512 
991 ,180.6242 ,2.44966 ,0.51091 ,5.01301 
992 ,180.8003 ,2.45158 ,0.50748 ,4.97943 
993 ,180.9763 ,2.45336 ,0.50064 ,4.91228 
994 ,181.1522 ,2.45511 ,0.49380 ,4.84512 
995 ,181.3281 ,2.45684 ,0.50748 ,4.97943 
996 ,181.5041 ,2.45859 ,0.51091 ,5.01301 
997 ,181.6801 ,2.46041 ,0.49380 ,4.84512 
998 ,181.8564 ,2.46210 ,0.49722 ,4.87870 
999 ,182.0650 ,2.46420 ,0.51091 ,5.01301 
1000 ,182.2728 ,2.46623 ,0.50748 ,4.97943 
1001 ,182.4487 ,2.46808 ,0.49722 ,4.87870 
1002 ,182.6249 ,2.46978 ,0.50748 ,4.97943 
1003 ,182.8009 ,2.47159 ,0.49380 ,4.84512 
1004 ,183.0251 ,2.47369 ,0.51775 ,5.08017 
1005 ,183.2011 ,2.47557 ,0.49722 ,4.87870 
1006 ,183.3933 ,2.47741 ,0.50406 ,4.94585 
1007 ,183.5853 ,2.47939 ,0.50406 ,4.94585 
1008 ,183.7774 ,2.48124 ,0.49380 ,4.84512 
1009 ,183.9533 ,2.48309 ,0.49722 ,4.87870 
1010 ,184.1296 ,2.48490 ,0.49722 ,4.87870 
1011 ,184.3216 ,2.48677 ,0.50064 ,4.91228 
1012 ,184.4977 ,2.48851 ,0.49722 ,4.87870 
1013 ,184.6738 ,2.49031 ,0.49722 ,4.87870 
1014 ,184.8660 ,2.49217 ,0.50406 ,4.94585 
1015 ,185.0419 ,2.49398 ,0.49722 ,4.87870 
1016 ,185.2179 ,2.49570 ,0.49037 ,4.81154 
1017 ,185.3940 ,2.49746 ,0.48011 ,4.71081 
1018 ,185.5702 ,2.49929 ,0.49722 ,4.87870 
1019 ,185.7458 ,2.50102 ,0.50406 ,4.94585 
1020 ,185.9381 ,2.50284 ,0.50406 ,4.94585 
1021 ,186.1303 ,2.50482 ,0.49722 ,4.87870 
1022 ,186.3064 ,2.50662 ,0.50406 ,4.94585 
1023 ,186.4824 ,2.50837 ,0.50748 ,4.97943 
1024 ,186.6743 ,2.51029 ,0.50064 ,4.91228 
1025 ,186.8507 ,2.51200 ,0.50748 ,4.97943 
1026 ,187.0425 ,2.51398 ,0.50064 ,4.91228 
1027 ,187.2186 ,2.51574 ,0.49722 ,4.87870 
1028 ,187.3947 ,2.51751 ,0.49722 ,4.87870 
1029 ,187.5869 ,2.51936 ,0.51091 ,5.01301 
1030 ,187.7789 ,2.52135 ,0.49037 ,4.81154 
1031 ,187.9551 ,2.52312 ,0.49380 ,4.84512 
1032 ,188.1311 ,2.52490 ,0.48695 ,4.77796 
1033 ,188.3233 ,2.52673 ,0.50064 ,4.91228 
1034 ,188.5149 ,2.52858 ,0.49380 ,4.84512 
1035 ,188.6913 ,2.53042 ,0.49380 ,4.84512 
1036 ,188.8675 ,2.53221 ,0.50748 ,4.97943 
1037 ,189.0435 ,2.53398 ,0.51091 ,5.01301 
1038 ,189.2354 ,2.53586 ,0.49380 ,4.84512 
1039 ,189.4277 ,2.53772 ,0.51775 ,5.08017 
1040 ,189.6197 ,2.53972 ,0.51091 ,5.01301 
1041 ,189.7955 ,2.54151 ,0.50064 ,4.91228 
1042 ,189.9879 ,2.54336 ,0.50748 ,4.97943 
1043 ,190.1641 ,2.54518 ,0.51433 ,5.04659 
1044 ,190.3561 ,2.54709 ,0.49380 ,4.84512 
1045 ,190.5480 ,2.54892 ,0.50406 ,4.94585 
1046 ,190.7242 ,2.55077 ,0.50064 ,4.91228 
1047 ,190.9158 ,2.55269 ,0.48695 ,4.77796 
1048 ,191.0923 ,2.55448 ,0.49380 ,4.84512 
1049 ,191.2839 ,2.55636 ,0.51091 ,5.01301 
1050 ,191.4603 ,2.55810 ,0.49722 ,4.87870 
1051 ,191.6363 ,2.55988 ,0.49380 ,4.84512 
1052 ,191.8126 ,2.56167 ,0.48353 ,4.74438 
1053 ,192.0047 ,2.56358 ,0.50748 ,4.97943 
1054 ,192.1807 ,2.56528 ,0.49380 ,4.84512 
1055 ,192.3725 ,2.56716 ,0.50406 ,4.94585 
1056 ,192.5489 ,2.56900 ,0.50064 ,4.91228 
1057 ,192.7405 ,2.57095 ,0.50406 ,4.94585 
1058 ,192.9170 ,2.57269 ,0.50406 ,4.94585 
1059 ,193.0932 ,2.57447 ,0.48695 ,4.77796 
1060 ,193.2851 ,2.57636 ,0.50748 ,4.97943 
1061 ,193.4613 ,2.57811 ,0.51775 ,5.08017 
1062 ,193.6534 ,2.57996 ,0.49722 ,4.87870 
1063 ,193.8293 ,2.58178 ,0.49722 ,4.87870 
1064 ,194.0056 ,2.58356 ,0.50064 ,4.91228 
1065 ,194.1815 ,2.58531 ,0.50406 ,4.94585 
1066 ,194.3735 ,2.58718 ,0.49722 ,4.87870 
1067 ,194.5499 ,2.58898 ,0.49037 ,4.81154 
1068 ,194.7418 ,2.59097 ,0.52117 ,5.11375 
1069 ,194.9338 ,2.59286 ,0.50064 ,4.91228 
1070 ,195.1259 ,2.59471 ,0.51091 ,5.01301 
1071 ,195.3021 ,2.59656 ,0.50064 ,4.91228 
1072 ,195.4940 ,2.59834 ,0.49037 ,4.81154 
1073 ,195.6702 ,2.60018 ,0.50064 ,4.91228 
1074 ,195.8462 ,2.60197 ,0.51091 ,5.01301 
1075 ,196.0544 ,2.60391 ,0.49380 ,4.84512 
1076 ,196.2302 ,2.60580 ,0.50064 ,4.91228 
1077 ,196.4064 ,2.60755 ,0.49380 ,4.84512 
1078 ,196.5825 ,2.60930 ,0.51433 ,5.04659 
1079 ,196.7587 ,2.61105 ,0.49380 ,4.84512 
1080 ,196.9344 ,2.61286 ,0.49722 ,4.87870 
1081 ,197.1108 ,2.61462 ,0.49722 ,4.87870 
1082 ,197.3029 ,2.61658 ,0.50406 ,4.94585 
1083 ,197.4788 ,2.61827 ,0.50406 ,4.94585 
1084 ,197.6550 ,2.62002 ,0.49037 ,4.81154 
1085 ,197.8309 ,2.62184 ,0.49037 ,4.81154 
1086 ,198.0067 ,2.62356 ,0.50064 ,4.91228 
1087 ,198.1832 ,2.62531 ,0.49722 ,4.87870 
1088 ,198.3752 ,2.62720 ,0.49380 ,4.84512 
1089 ,198.5674 ,2.62902 ,0.50406 ,4.94585 
1090 ,198.7597 ,2.63114 ,0.50406 ,4.94585 
1091 ,198.9512 ,2.63299 ,0.49380 ,4.84512 
1092 ,199.1275 ,2.63475 ,0.48695 ,4.77796 
1093 ,199.3036 ,2.63653 ,0.50064 ,4.91228 
1094 ,199.4797 ,2.63825 ,0.50406 ,4.94585 
1095 ,199.6718 ,2.64017 ,0.49722 ,4.87870 
1096 ,199.8477 ,2.64192 ,0.49722 ,4.87870 
1097 ,200.0400 ,2.64376 ,0.50406 ,4.94585 
1098 ,200.2160 ,2.64564 ,0.51433 ,5.04659 
1099 ,200.4081 ,2.64752 ,0.49380 ,4.84512 
1100 ,200.5842 ,2.64934 ,0.49722 ,4.87870 
1101 ,200.7605 ,2.65113 ,0.51775 ,5.08017 
1102 ,200.9524 ,2.65288 ,0.50064 ,4.91228 
1103 ,201.1442 ,2.65491 ,0.49722 ,4.87870 
1104 ,201.3203 ,2.65672 ,0.50406 ,4.94585 
1105 ,201.5126 ,2.65855 ,0.48353 ,4.74438 
1106 ,201.7044 ,2.66052 ,0.49380 ,4.84512 
1107 ,201.8807 ,2.66226 ,0.50406 ,4.94585 
1108 ,202.0566 ,2.66408 ,0.50748 ,4.97943 
1109 ,202.2165 ,2.66572 ,0.47668 ,4.67723 
1110 ,202.3929 ,2.66744 ,0.49722 ,4.87870 
1111 ,202.6009 ,2.66946 ,0.50064 ,4.91228 
1112 ,202.7930 ,2.67139 ,0.50748 ,4.97943 
1113 ,202.9693 ,2.67317 ,0.49722 ,4.87870 
1114 ,203.1608 ,2.67507 ,0.50064 ,4.91228 
1115 ,203.3373 ,2.67680 ,0.50406 ,4.94585 
1116 ,203.5133 ,2.67862 ,0.48695 ,4.77796 
1117 ,203.7055 ,2.68047 ,0.50748 ,4.97943 
1118 ,203.8815 ,2.68230 ,0.50406 ,4.94585 
1119 ,204.0734 ,2.68418 ,0.48011 ,4.71081 
1120 ,204.2659 ,2.68616 ,0.48353 ,4.74438 
1121 ,204.4417 ,2.68786 ,0.49380 ,4.84512 
1122 ,204.6336 ,2.68976 ,0.49037 ,4.81154 
1123 ,204.8257 ,2.69164 ,0.48353 ,4.74438 
1124 ,205.0018 ,2.69349 ,0.51433 ,5.04659 
1125 ,205.1776 ,2.69520 ,0.50748 ,4.97943 
1126 ,205.3541 ,2.69696 ,0.49380 ,4.84512 
1127 ,205.5459 ,2.69885 ,0.49722 ,4.87870 
1128 ,205.7382 ,2.70084 ,0.50406 ,4.94585 
1129 ,205.9301 ,2.70267 ,0.50406 ,4.94585 
1130 ,206.1224 ,2.70455 ,0.49037 ,4.81154 
1131 ,206.3302 ,2.70668 ,0.49037 ,4.81154 
1132 ,206.5064 ,2.70849 ,0.48695 ,4.77796 
1133 ,206.6825 ,2.71025 ,0.49380 ,4.84512 
1134 ,206.8587 ,2.71209 ,0.51091 ,5.01301 
1135 ,207.0348 ,2.71382 ,0.50406 ,4.94585 
1136 ,207.2108 ,2.71556 ,0.49037 ,4.81154 
1137 ,207.4029 ,2.71753 ,0.49722 ,4.87870 
1138 ,207.5789 ,2.71923 ,0.50748 ,4.97943 
1139 ,207.7871 ,2.72121 ,0.50064 ,4.91228 
1140 ,207.9634 ,2.72312 ,0.49037 ,4.81154 
1141 ,208.1710 ,2.72509 ,0.49037 ,4.81154 
1142 ,208.3471 ,2.72690 ,0.50406 ,4.94585 
1143 ,208.5550 ,2.72887 ,0.50406 ,4.94585 
1144 ,208.7474 ,2.73088 ,0.48353 ,4.74438 
1145 ,208.9233 ,2.73261 ,0.48695 ,4.77796 
1146 ,209.0996 ,2.73443 ,0.51091 ,5.01301 
1147 ,209.2754 ,2.73624 ,0.50406 ,4.94585 
1148 ,209.4516 ,2.73798 ,0.51433 ,5.04659 
1149 ,209.6274 ,2.73971 ,0.49380 ,4.84512 
1150 ,209.8037 ,2.74149 ,0.49380 ,4.84512 
1151 ,209.9960 ,2.74344 ,0.50406 ,4.94585 
1152 ,210.1720 ,2.74513 ,0.51091 ,5.01301 
1153 ,210.3480 ,2.74691 ,0.50748 ,4.97943 
1154 ,210.5241 ,2.74870 ,0.48011 ,4.71081 
1155 ,210.7157 ,2.75052 ,0.50748 ,4.97943 
1156 ,210.8923 ,2.75235 ,0.50748 ,4.97943 
1157 ,211.1164 ,2.75446 ,0.51433 ,5.04659 
1158 ,211.2924 ,2.75640 ,0.50064 ,4.91228 
1159 ,211.4845 ,2.75821 ,0.50406 ,4.94585 
1160 ,211.6764 ,2.76019 ,0.50406 ,4.94585 
1161 ,211.8527 ,2.76195 ,0.50748 ,4.97943 
1162 ,212.0606 ,2.76401 ,0.49722 ,4.87870 
1163 ,212.2528 ,2.76584 ,0.49380 ,4.84512 
1164 ,212.4448 ,2.76790 ,0.48353 ,4.74438 
1165 ,212.6208 ,2.76966 ,0.49037 ,4.81154 
1166 ,212.7966 ,2.77141 ,0.51433 ,5.04659 
1167 ,212.9731 ,2.77319 ,0.51091 ,5.01301 
1168 ,213.1652 ,2.77507 ,0.48695 ,4.77796 
1169 ,213.3732 ,2.77704 ,0.50406 ,4.94585 
1170 ,213.5332 ,2.77889 ,0.49380 ,4.84512 
1171 ,213.7093 ,2.78049 ,0.50406 ,4.94585 
1172 ,213.8849 ,2.78227 ,0.48353 ,4.74438 
1173 ,214.0615 ,2.78405 ,0.50406 ,4.94585 
1174 ,214.2531 ,2.78596 ,0.50406 ,4.94585 
1175 ,214.4294 ,2.78769 ,0.51091 ,5.01301 
1176 ,214.6216 ,2.78962 ,0.49380 ,4.84512 
1177 ,214.7973 ,2.79138 ,0.50064 ,4.91228 
1178 ,214.9734 ,2.79313 ,0.50406 ,4.94585 
1179 ,215.1499 ,2.79494 ,0.49037 ,4.81154 
1180 ,215.3420 ,2.79686 ,0.49037 ,4.81154 
1181 ,215.5179 ,2.79864 ,0.49380 ,4.84512 
1182 ,215.6942 ,2.80037 ,0.51775 ,5.08017 
1183 ,215.9022 ,2.80246 ,0.49380 ,4.84512 
1184 ,216.0782 ,2.80419 ,0.50064 ,4.91228 
1185 ,216.2706 ,2.80603 ,0.50748 ,4.97943 
1186 ,216.4464 ,2.80785 ,0.49380 ,4.84512 
1187 ,216.6225 ,2.80963 ,0.48695 ,4.77796 
1188 ,216.7985 ,2.81138 ,0.50406 ,4.94585 
1189 ,216.9747 ,2.81320 ,0.50748 ,4.97943 
1190 ,217.1827 ,2.81520 ,0.49037 ,4.81154 
1191 ,217.3747 ,2.81718 ,0.49722 ,4.87870 
1192 ,217.5510 ,2.81888 ,0.50748 ,4.97943 
1193 ,217.7590 ,2.82095 ,0.49380 ,4.84512 
1194 ,217.9352 ,2.82276 ,0.50406 ,4.94585 
1195 ,218.1106 ,2.82452 ,0.49037 ,4.81154 
1196 ,218.2870 ,2.82627 ,0.49722 ,4.87870 
1197 ,218.4791 ,2.82820 ,0.49037 ,4.81154 
1198 ,218.6552 ,2.82996 ,0.50064 ,4.91228 
1199 ,218.8314 ,2.83171 ,0.51433 ,5.04659 
1200 ,219.0074 ,2.83349 ,0.50064 ,4.91228 
1201 ,219.1836 ,2.83524 ,0.49722 ,4.87870 
1202 ,219.3597 ,2.83699 ,0.49037 ,4.81154 
1203 ,219.5517 ,2.83887 ,0.51775 ,5.08017 
1204 ,219.7438 ,2.84082 ,0.49380 ,4.84512 
1205 ,219.9198 ,2.84261 ,0.49380 ,4.84512 
1206 ,220.0960 ,2.84436 ,0.49037 ,4.81154 
1207 ,220.2880 ,2.84621 ,0.50748 ,4.97943 
1208 ,220.4800 ,2.84820 ,0.49037 ,4.81154 
1209 ,220.6725 ,2.85009 ,0.50064 ,4.91228 
1210 ,220.8484 ,2.85188 ,0.52459 ,5.14732 
1211 ,221.0404 ,2.85376 ,0.49037 ,4.81154 
1212 ,221.2161 ,2.85557 ,0.48695 ,4.77796 
1213 ,221.3922 ,2.85728 ,0.49722 ,4.87870 
1214 ,221.5847 ,2.85923 ,0.48695 ,4.77796 
1215 ,221.7763 ,2.86109 ,0.50406 ,4.94585 
1216 ,221.9528 ,2.86287 ,0.50748 ,4.97943 
1217 ,222.1447 ,2.86481 ,0.50064 ,4.91228 
1218 ,222.3205 ,2.86662 ,0.49380 ,4.84512 
1219 ,222.4969 ,2.86831 ,0.50406 ,4.94585 
1220 ,222.6731 ,2.87010 ,0.51433 ,5.04659 
1221 ,222.8651 ,2.87204 ,0.50064 ,4.91228 
1222 ,223.0412 ,2.87380 ,0.50064 ,4.91228 
1223 ,223.2331 ,2.87573 ,0.49037 ,4.81154 
1224 ,223.4252 ,2.87764 ,0.49037 ,4.81154 
1225 ,223.6013 ,2.87940 ,0.50748 ,4.97943 
1226 ,223.7774 ,2.88117 ,0.48695 ,4.77796 
1227 ,223.9852 ,2.88315 ,0.50406 ,4.94585 
1228 ,224.1775 ,2.88506 ,0.49722 ,4.87870 
1229 ,224.3536 ,2.88692 ,0.51091 ,5.01301 
1230 ,224.5297 ,2.88869 ,0.49380 ,4.84512 
1231 ,224.7219 ,2.89048 ,0.50064 ,4.91228 
1232 ,224.8980 ,2.89239 ,0.49722 ,4.87870 
1233 ,225.0899 ,2.89427 ,0.51433 ,5.04659 
1234 ,225.2662 ,2.89606 ,0.50064 ,4.91228 
1235 ,225.4579 ,2.89796 ,0.49037 ,4.81154 
1236 ,225.6341 ,2.89976 ,0.50064 ,4.91228 
1237 ,225.8263 ,2.90163 ,0.52117 ,5.11375 
1238 ,226.0022 ,2.90339 ,0.50748 ,4.97943 
1239 ,226.1945 ,2.90530 ,0.49722 ,4.87870 
1240 ,226.3864 ,2.90720 ,0.49380 ,4.84512 
1241 ,226.5623 ,2.90902 ,0.50064 ,4.91228 
1242 ,226.7547 ,2.91084 ,0.50406 ,4.94585 
1243 ,226.9309 ,2.91271 ,0.50748 ,4.97943 
1244 ,227.1229 ,2.91459 ,0.49722 ,4.87870 
1245 ,227.3149 ,2.91644 ,0.49722 ,4.87870 
1246 ,227.5068 ,2.91846 ,0.50748 ,4.97943 
1247 ,227.6831 ,2.92018 ,0.50406 ,4.94585 
1248 ,227.8592 ,2.92199 ,0.49722 ,4.87870 
1249 ,228.0509 ,2.92390 ,0.50064 ,4.91228 
1250 ,228.2109 ,2.92559 ,0.51091 ,5.01301 
1251 ,228.3871 ,2.92721 ,0.51433 ,5.04659 
1252 ,228.5794 ,2.92910 ,0.49037 ,4.81154 
1253 ,228.7555 ,2.93087 ,0.48353 ,4.74438 
1254 ,228.9476 ,2.93286 ,0.51775 ,5.08017 
1255 ,229.1237 ,2.93461 ,0.50406 ,4.94585 
1256 ,229.3476 ,2.93670 ,0.51091 ,5.01301 
1257 ,229.5235 ,2.93864 ,0.51775 ,5.08017 
1258 ,229.7159 ,2.94043 ,0.49037 ,4.81154 
1259 ,229.8919 ,2.94222 ,0.49037 ,4.81154 
1260 ,230.0679 ,2.94400 ,0.50064 ,4.91228 
1261 ,230.2440 ,2.94578 ,0.49722 ,4.87870 
1262 ,230.4201 ,2.94754 ,0.48353 ,4.74438 
1263 ,230.6122 ,2.94939 ,0.49722 ,4.87870 
1264 ,230.7882 ,2.95133 ,0.51091 ,5.01301 
1265 ,230.9644 ,2.95305 ,0.50406 ,4.94585 
1266 ,231.1404 ,2.95476 ,0.49037 ,4.81154 
1267 ,231.3165 ,2.95652 ,0.49380 ,4.84512 
1268 ,231.4924 ,2.95826 ,0.50748 ,4.97943 
1269 ,231.6686 ,2.96006 ,0.50748 ,4.97943 
1270 ,231.8286 ,2.96175 ,0.50064 ,4.91228 
1271 ,232.0047 ,2.96339 ,0.50406 ,4.94585 
1272 ,232.1808 ,2.96516 ,0.48695 ,4.77796 
1273 ,232.3726 ,2.96706 ,0.50406 ,4.94585 
1274 ,232.5490 ,2.96884 ,0.49722 ,4.87870 
1275 ,232.7411 ,2.97078 ,0.49037 ,4.81154 
1276 ,232.9011 ,2.97248 ,0.49380 ,4.84512 
1277 ,233.0932 ,2.97426 ,0.49722 ,4.87870 
1278 ,233.2693 ,2.97602 ,0.51433 ,5.04659 
1279 ,233.4454 ,2.97780 ,0.50406 ,4.94585 
1280 ,233.6215 ,2.97959 ,0.49722 ,4.87870 
1281 ,233.7975 ,2.98131 ,0.48011 ,4.71081 
1282 ,233.9737 ,2.98312 ,0.50064 ,4.91228 
1283 ,234.1496 ,2.98487 ,0.49037 ,4.81154 
1284 ,234.3258 ,2.98661 ,0.50748 ,4.97943 
1285 ,234.5338 ,2.98850 ,0.48353 ,4.74438 
1286 ,234.7098 ,2.99045 ,0.50064 ,4.91228 
1287 ,234.8858 ,2.99223 ,0.50064 ,4.91228 
1288 ,235.0781 ,2.99408 ,0.48695 ,4.77796 
1289 ,235.2858 ,2.99617 ,0.50064 ,4.91228 
1290 ,235.4618 ,2.99794 ,0.50748 ,4.97943 
1291 ,235.6379 ,2.99971 ,0.49380 ,4.84512 
1292 ,235.8139 ,3.00147 ,0.49037 ,4.81154 
1293 ,235.9899 ,3.00322 ,0.49380 ,4.84512 
1294 ,236.1660 ,3.00501 ,0.51775 ,5.08017 
1295 ,236.3421 ,3.00676 ,0.50748 ,4.97943 
1296 ,236.5182 ,3.00851 ,0.50064 ,4.91228 
1297 ,236.7107 ,3.01033 ,0.50064 ,4.91228 
1298 ,236.9188 ,3.01248 ,0.48353 ,4.74438 
1299 ,237.0947 ,3.01428 ,0.49037 ,4.81154 
1300 ,237.2709 ,3.01602 ,0.50406 ,4.94585 
1301 ,237.4469 ,3.01778 ,0.50748 ,4.97943 
1302 ,237.6231 ,3.01955 ,0.50064 ,4.91228 
1303 ,237.8150 ,3.02147 ,0.49037 ,4.81154 
1304 ,237.9913 ,3.02326 ,0.50406 ,4.94585 
1305 ,238.1512 ,3.02497 ,0.50406 ,4.94585 
1306 ,238.3272 ,3.02657 ,0.51433 ,5.04659 
1307 ,238.5034 ,3.02833 ,0.51433 ,5.04659 
1308 ,238.6955 ,3.03023 ,0.49722 ,4.87870 
1309 ,238.8876 ,3.03218 ,0.49722 ,4.87870 
1310 ,239.0637 ,3.03395 ,0.50406 ,4.94585 
1311 ,239.2397 ,3.03572 ,0.50064 ,4.91228 
1312 ,239.4318 ,3.03758 ,0.50064 ,4.91228 
1313 ,239.6079 ,3.03943 ,0.50406 ,4.94585 
1314 ,239.7839 ,3.04118 ,0.50406 ,4.94585 
1315 ,239.9601 ,3.04294 ,0.49380 ,4.84512 
1316 ,240.1520 ,3.04478 ,0.49380 ,4.84512 
1317 ,240.3278 ,3.04667 ,0.51091 ,5.01301 
1318 ,240.5203 ,3.04848 ,0.50064 ,4.91228 
1319 ,240.6964 ,3.05027 ,0.49380 ,4.84512 
1320 ,240.9205 ,3.05237 ,0.50406 ,4.94585 
1321 ,241.0964 ,3.05432 ,0.50064 ,4.91228 
1322 ,241.2722 ,3.05603 ,0.50064 ,4.91228 
1323 ,241.4645 ,3.05787 ,0.49037 ,4.81154 
1324 ,241.6406 ,3.05969 ,0.51775 ,5.08017 
1325 ,241.8166 ,3.06148 ,0.49380 ,4.84512 
1326 ,242.0084 ,3.06337 ,0.50064 ,4.91228 
1327 ,242.1685 ,3.06517 ,0.51091 ,5.01301 
1328 ,242.3446 ,3.06676 ,0.50064 ,4.91228 
1329 ,242.5371 ,3.06865 ,0.48353 ,4.74438 
1330 ,242.7450 ,3.07066 ,0.50406 ,4.94585 
1331 ,242.9212 ,3.07251 ,0.50064 ,4.91228 
1332 ,243.1132 ,3.07451 ,0.48353 ,4.74438 
1333 ,243.3053 ,3.07629 ,0.49722 ,4.87870 
1334 ,243.4655 ,3.07810 ,0.49722 ,4.87870 
1335 ,243.6414 ,3.07970 ,0.49722 ,4.87870 
1336 ,243.8336 ,3.08165 ,0.49380 ,4.84512 
1337 ,244.0097 ,3.08340 ,0.49380 ,4.84512 
1338 ,244.2017 ,3.08531 ,0.50748 ,4.97943 
1339 ,244.3775 ,3.08705 ,0.49037 ,4.81154 
1340 ,244.5538 ,3.08879 ,0.48695 ,4.77796 
1341 ,244.7300 ,3.09065 ,0.48695 ,4.77796 
1342 ,244.9379 ,3.09257 ,0.50064 ,4.91228 
1343 ,245.1301 ,3.09448 ,0.49722 ,4.87870 
1344 ,245.3061 ,3.09643 ,0.50406 ,4.94585 
1345 ,245.4823 ,3.09814 ,0.51775 ,5.08017 
1346 ,245.6583 ,3.09989 ,0.51091 ,5.01301 
1347 ,245.8344 ,3.10165 ,0.49037 ,4.81154 
1348 ,246.0105 ,3.10343 ,0.48011 ,4.71081 
1349 ,246.1866 ,3.10515 ,0.50064 ,4.91228 
1350 ,246.3628 ,3.10694 ,0.51091 ,5.01301 
1351 ,246.5389 ,3.10866 ,0.48695 ,4.77796 
1352 ,246.7469 ,3.11069 ,0.51091 ,5.01301 
1353 ,246.9230 ,3.11254 ,0.51433 ,5.04659 
1354 ,247.0991 ,3.11426 ,0.50064 ,4.91228 
1355 ,247.2909 ,3.11612 ,0.49722 ,4.87870 
1356 ,247.4673 ,3.11797 ,0.50406 ,4.94585 
1357 ,247.6589 ,3.11985 ,0.49722 ,4.87870 
1358 ,247.8354 ,3.12166 ,0.49037 ,4.81154 
1359 ,248.0111 ,3.12343 ,0.49380 ,4.84512 
1360 ,248.1875 ,3.12519 ,0.50748 ,4.97943 
1361 ,248.3793 ,3.12708 ,0.51091 ,5.01301 
1362 ,248.5555 ,3.12880 ,0.49380 ,4.84512 
1363 ,248.7476 ,3.13068 ,0.50748 ,4.97943 
1364 ,248.9234 ,3.13249 ,0.49380 ,4.84512 
1365 ,249.0998 ,3.13430 ,0.49722 ,4.87870 
1366 ,249.2760 ,3.13602 ,0.49380 ,4.84512 
1367 ,249.4678 ,3.13797 ,0.50406 ,4.94585 
1368 ,249.6440 ,3.13979 ,0.48353 ,4.74438 
1369 ,249.8521 ,3.14167 ,0.50406 ,4.94585 
1370 ,250.0281 ,3.14355 ,0.49380 ,4.84512 
1371 ,250.2041 ,3.14532 ,0.52459 ,5.14732 
1372 ,250.3960 ,3.14723 ,0.48695 ,4.77796 
1373 ,250.5725 ,3.14901 ,0.48695 ,4.77796 
1374 ,250.7644 ,3.15094 ,0.50406 ,4.94585 
1375 ,250.9405 ,3.15268 ,0.51433 ,5.04659 
1376 ,251.1167 ,3.15444 ,0.49722 ,4.87870 
1377 ,251.3085 ,3.15637 ,0.49722 ,4.87870 
1378 ,251.4848 ,3.15813 ,0.49722 ,4.87870 
1379 ,251.6768 ,3.16003 ,0.49037 ,4.81154 
1380 ,251.8527 ,3.16183 ,0.48695 ,4.77796 
1381 ,252.0450 ,3.16373 ,0.50406 ,4.94585 
1382 ,252.2528 ,3.16571 ,0.49722 ,4.87870 
1383 ,252.4292 ,3.16755 ,0.50748 ,4.97943 
1384 ,252.6369 ,3.16960 ,0.50064 ,4.91228 
1385 ,252.8293 ,3.17151 ,0.50748 ,4.97943 
1386 ,253.0052 ,3.17335 ,0.50406 ,4.94585 
1387 ,253.1813 ,3.17504 ,0.50748 ,4.97943 
1388 ,253.3736 ,3.17687 ,0.50406 ,4.94585 
1389 ,253.5492 ,3.17875 ,0.49722 ,4.87870 
1390 ,253.7096 ,3.18049 ,0.50406 ,4.94585 
1391 ,253.9018 ,3.18221 ,0.50064 ,4.91228 
1392 ,254.0938 ,3.18416 ,0.50064 ,4.91228 
1393 ,254.3019 ,3.18622 ,0.50064 ,4.91228 
1394 ,254.4780 ,3.18805 ,0.49380 ,4.84512 
1395 ,254.6702 ,3.18995 ,0.50748 ,4.97943 
1396 ,254.8621 ,3.19192 ,0.50748 ,4.97943 
1397 ,255.0862 ,3.19396 ,0.50064 ,4.91228 
1398 ,255.2622 ,3.19590 ,0.51433 ,5.04659 
1399 ,255.4383 ,3.19760 ,0.49380 ,4.84512 
1400 ,255.6143 ,3.19944 ,0.48695 ,4.77796 
1401 ,255.7904 ,3.20113 ,0.48353 ,4.74438 
1402 ,255.9825 ,3.20311 ,0.50406 ,4.94585 
1403 ,256.1746 ,3.20495 ,0.49380 ,4.84512 
1404 ,256.3668 ,3.20689 ,0.49037 ,4.81154 
1405 ,256.5427 ,3.20874 ,0.49722 ,4.87870 
1406 ,256.7187 ,3.21044 ,0.50406 ,4.94585 
1407 ,256.8947 ,3.21225 ,0.49037 ,4.81154 
1408 ,257.0709 ,3.21394 ,0.49722 ,4.87870 
1409 ,257.2467 ,3.21573 ,0.50406 ,4.94585 
1410 ,257.4391 ,3.21766 ,0.49380 ,4.84512 
1411 ,257.6149 ,3.21936 ,0.50064 ,4.91228 
1412 ,257.7912 ,3.22114 ,0.48695 ,4.77796 
1413 ,257.9676 ,3.22295 ,0.49380 ,4.84512 
1414 ,258.1435 ,3.22473 ,0.51091 ,5.01301 
1415 ,258.3193 ,3.22646 ,0.51091 ,5.01301 
1416 ,258.5115 ,3.22838 ,0.48695 ,4.77796 
1417 ,258.6876 ,3.23009 ,0.50064 ,4.91228 
1418 ,258.8796 ,3.23203 ,0.50406 ,4.94585 
1419 ,259.0556 ,3.23381 ,0.49380 ,4.84512 
1420 ,259.2316 ,3.23558 ,0.48695 ,4.77796 
1421 ,259.4239 ,3.23744 ,0.51091 ,5.01301 
1422 ,259.6159 ,3.23935 ,0.49380 ,4.84512 
1423 ,259.7921 ,3.24117 ,0.48695 ,4.77796 
1424 ,260.0000 ,3.24316 ,0.49722 ,4.87870 
1425 ,260.1762 ,3.24497 ,0.49722 ,4.87870 
1426 ,260.3680 ,3.24695 ,0.49037 ,4.81154 
1427 ,260.5442 ,3.24866 ,0.50406 ,4.94585 
1428 ,260.7203 ,3.25042 ,0.50064 ,4.91228 
1429 ,260.8964 ,3.25219 ,0.50064 ,4.91228 
1430 ,261.0727 ,3.25401 ,0.49037 ,4.81154 
1431 ,261.2485 ,3.25573 ,0.48695 ,4.77796 
1432 ,261.4243 ,3.25751 ,0.51433 ,5.04659 
1433 ,261.6006 ,3.25921 ,0.51775 ,5.08017 
1434 ,261.7768 ,3.26102 ,0.50064 ,4.91228 
1435 ,261.9688 ,3.26288 ,0.50748 ,4.97943 
1436 ,262.1449 ,3.26469 ,0.49037 ,4.81154 
1437 ,262.3210 ,3.26641 ,0.49722 ,4.87870 
1438 ,262.5128 ,3.26828 ,0.50406 ,4.94585 
1439 ,262.6891 ,3.27011 ,0.50064 ,4.91228 
1440 ,262.8811 ,3.27199 ,0.50064 ,4.91228 
1441 ,263.0735 ,3.27389 ,0.48695 ,4.77796 
1442 ,263.2489 ,3.27574 ,0.49380 ,4.84512 
1443 ,263.4253 ,3.27745 ,0.50748 ,4.97943 
1444 ,263.6011 ,3.27924 ,0.51433 ,5.04659 
1445 ,263.7776 ,3.28097 ,0.51091 ,5.01301 
1446 ,263.9699 ,3.28294 ,0.48695 ,4.77796 
1447 ,264.1458 ,3.28472 ,0.51091 ,5.01301 
1448 ,264.3218 ,3.28644 ,0.50406 ,4.94585 
1449 ,264.5137 ,3.28836 ,0.50748 ,4.97943 
1450 ,264.6897 ,3.29013 ,0.49722 ,4.87870 
1451 ,264.8660 ,3.29190 ,0.50064 ,4.91228 
1452 ,265.0421 ,3.29364 ,0.50748 ,4.97943 
1453 ,265.2182 ,3.29545 ,0.50748 ,4.97943 
1454 ,265.3942 ,3.29718 ,0.49722 ,4.87870 
1455 ,265.5703 ,3.29889 ,0.49722 ,4.87870 
1456 ,265.7462 ,3.30074 ,0.50406 ,4.94585 
1457 ,265.9224 ,3.30240 ,0.50064 ,4.91228 
1458 ,266.0985 ,3.30421 ,0.50406 ,4.94585 
1459 ,266.2906 ,3.30612 ,0.49037 ,4.81154 
1460 ,266.4666 ,3.30791 ,0.49722 ,4.87870 
1461 ,266.6588 ,3.30967 ,0.51775 ,5.08017 
1462 ,266.8508 ,3.31174 ,0.48695 ,4.77796 
1463 ,267.0588 ,3.31378 ,0.51433 ,5.04659 
1464 ,267.2510 ,3.31562 ,0.48695 ,4.77796 
1465 ,267.4268 ,3.31748 ,0.51091 ,5.01301 
1466 ,267.6191 ,3.31935 ,0.49722 ,4.87870 
1467 ,267.7949 ,3.32114 ,0.49722 ,4.87870 
1468 ,267.9715 ,3.32297 ,0.49037 ,4.81154 
1469 ,268.1634 ,3.32479 ,0.50406 ,4.94585 
1470 ,268.3554 ,3.32678 ,0.50064 ,4.91228 
1471 ,268.5317 ,3.32850 ,0.50064 ,4.91228 
1472 ,268.7396 ,3.33044 ,0.49037 ,4.81154 
1473 ,268.9154 ,3.33234 ,0.49380 ,4.84512 
1474 ,269.0917 ,3.33416 ,0.49037 ,4.81154 
1475 ,269.2838 ,3.33595 ,0.50064 ,4.91228 
1476 ,269.4759 ,3.33788 ,0.50406 ,4.94585 
1477 ,269.6518 ,3.33976 ,0.48353 ,4.74438 
1478 ,269.8280 ,3.34145 ,0.49380 ,4.84512 
1479 ,270.0197 ,3.34336 ,0.49722 ,4.87870 
1480 ,270.1961 ,3.34516 ,0.50406 ,4.94585 
1481 ,270.3722 ,3.34687 ,0.49037 ,4.81154 
1482 ,270.5803 ,3.34885 ,0.49722 ,4.87870 
1483 ,270.7726 ,3.35092 ,0.49380 ,4.84512 
1484 ,270.9480 ,3.35268 ,0.50406 ,4.94585 
1485 ,271.1244 ,3.35443 ,0.50064 ,4.91228 
1486 ,271.3165 ,3.35634 ,0.50406 ,4.94585 
1487 ,271.4926 ,3.35812 ,0.49037 ,4.81154 
1488 ,271.6846 ,3.36003 ,0.50406 ,4.94585 
1489 ,271.8608 ,3.36181 ,0.50406 ,4.94585 
1490 ,272.0368 ,3.36366 ,0.48011 ,4.71081 
1491 ,272.2128 ,3.36528 ,0.48011 ,4.71081 
1492 ,272.3888 ,3.36710 ,0.49037 ,4.81154 
1493 ,272.5649 ,3.36885 ,0.51091 ,5.01301 
1494 ,272.7571 ,3.37074 ,0.50064 ,4.91228 
1495 ,272.9491 ,3.37270 ,0.51091 ,5.01301 
1496 ,273.1411 ,3.37450 ,0.49722 ,4.87870 
1497 ,273.3332 ,3.37644 ,0.50064 ,4.91228 
1498 ,273.5093 ,3.37827 ,0.49722 ,4.87870 
1499 ,273.6851 ,3.38007 ,0.50064 ,4.91228 
1500 ,273.8614 ,3.38182 ,0.49722 ,4.87870 
1501 ,274.0376 ,3.38357 ,0.49722 ,4.87870 
1502 ,274.2136 ,3.38528 ,0.50064 ,4.91228 
1503 ,274.3897 ,3.38721 ,0.50064 ,4.91228 
1504 ,274.5818 ,3.38898 ,0.50406 ,4.94585 
1505 ,274.7579 ,3.39081 ,0.48695 ,4.77796 
1506 ,274.9500 ,3.39271 ,0.49722 ,4.87870 
1507 ,275.1418 ,3.39459 ,0.50064 ,4.91228 
1508 ,275.3182 ,3.39640 ,0.50064 ,4.91228 
1509 ,275.5103 ,3.39822 ,0.49037 ,4.81154 
1510 ,275.7024 ,3.40022 ,0.51433 ,5.04659 
1511 ,275.8784 ,3.40198 ,0.49722 ,4.87870 
1512 ,276.0545 ,3.40374 ,0.49037 ,4.81154 
1513 ,276.2464 ,3.40559 ,0.50406 ,4.94585 
1514 ,276.4226 ,3.40736 ,0.50406 ,4.94585 
1515 ,276.5986 ,3.40914 ,0.50064 ,4.91228 
1516 ,276.7908 ,3.41112 ,0.49037 ,4.81154 
1517 ,276.9670 ,3.41284 ,0.50406 ,4.94585 
1518 ,277.1589 ,3.41473 ,0.49380 ,4.84512 
1519 ,277.3346 ,3.41653 ,0.50064 ,4.91228 
1520 ,277.5111 ,3.41830 ,0.50748 ,4.97943 
1521 ,277.7030 ,3.42017 ,0.50748 ,4.97943 
1522 ,277.8791 ,3.42195 ,0.49380 ,4.84512 
1523 ,278.0552 ,3.42368 ,0.50406 ,4.94585 
1524 ,278.2312 ,3.42546 ,0.50064 ,4.91228 
1525 ,278.4074 ,3.42724 ,0.50406 ,4.94585 
1526 ,278.5835 ,3.42900 ,0.50064 ,4.91228 
1527 ,278.7596 ,3.43074 ,0.49722 ,4.87870 
1528 ,278.9674 ,3.43282 ,0.51433 ,5.04659 
1529 ,279.1437 ,3.43456 ,0.50406 ,4.94585 
1530 ,279.3199 ,3.43638 ,0.49722 ,4.87870 
1531 ,279.5119 ,3.43829 ,0.48353 ,4.74438 
1532 ,279.7037 ,3.44027 ,0.49722 ,4.87870 
1533 ,279.8801 ,3.44196 ,0.49037 ,4.81154 
1534 ,280.0722 ,3.44384 ,0.50748 ,4.97943 
1535 ,280.2643 ,3.44581 ,0.50406 ,4.94585 
1536 ,280.4398 ,3.44756 ,0.50406 ,4.94585 
1537 ,280.6161 ,3.44928 ,0.49380 ,4.84512 
1538 ,280.7923 ,3.45108 ,0.49722 ,4.87870 
1539 ,280.9843 ,3.45301 ,0.52459 ,5.14732 
1540 ,281.1605 ,3.45477 ,0.50406 ,4.94585 
1541 ,281.3366 ,3.45652 ,0.49037 ,4.81154 
1542 ,281.5123 ,3.45833 ,0.50064 ,4.91228 
1543 ,281.6884 ,3.46005 ,0.52802 ,5.18090 
1544 ,281.8808 ,3.46191 ,0.50406 ,4.94585 
1545 ,282.0569 ,3.46371 ,0.49380 ,4.84512 
1546 ,282.2330 ,3.46553 ,0.49037 ,4.81154 
1547 ,282.4089 ,3.46723 ,0.49037 ,4.81154 
1548 ,282.6011 ,3.46916 ,0.50748 ,4.97943 
1549 ,282.7773 ,3.47091 ,0.49380 ,4.84512 
1550 ,282.9694 ,3.47283 ,0.50064 ,4.91228 
1551 ,283.1453 ,3.47467 ,0.50064 ,4.91228 
1552 ,283.3535 ,3.47656 ,0.49722 ,4.87870 
1553 ,283.5295 ,3.47844 ,0.49037 ,4.81154 
1554 ,283.7056 ,3.48019 ,0.50064 ,4.91228 
1555 ,283.8656 ,3.48191 ,0.50748 ,4.97943 
1556 ,284.0577 ,3.48370 ,0.49722 ,4.87870 
1557 ,284.2337 ,3.48548 ,0.49037 ,4.81154 
1558 ,284.4097 ,3.48723 ,0.49037 ,4.81154 
1559 ,284.5858 ,3.48900 ,0.50748 ,4.97943 
1560 ,284.7620 ,3.49076 ,0.51091 ,5.01301 
1561 ,284.9381 ,3.49255 ,0.49380 ,4.84512 
1562 ,285.1140 ,3.49433 ,0.49722 ,4.87870 
1563 ,285.2901 ,3.49604 ,0.48011 ,4.71081 
1564 ,285.4823 ,3.49760 ,0.49037 ,4.81154 
1565 ,285.6582 ,3.49875 ,0.50748 ,4.97943 
1566 ,285.8341 ,3.49948 ,0.50064 ,4.91228 
1567 ,286.0105 ,3.49990 ,0.50064 ,4.91228 
1568 ,286.1863 ,3.50000 ,0.49722 ,4.87870 
