Data stamp = , 19-05-2022 15:02:41 326

Calibration Values: 
Slope = , 26.54 , g/V 
Offset Voltage at no contact = , -0.501760 , V 

No , Time , Stage Position ,   Mass , Force 
   ,  (s) ,      (mm)      ,   (g)  , (mN)  

1 ,0.0000 ,0.89960 ,5.30194 ,52.02263 
2 ,0.2592 ,0.89975 ,5.30194 ,52.02263 
3 ,0.9633 ,0.90255 ,5.30194 ,52.02263 
4 ,1.2352 ,0.90653 ,5.31221 ,52.12337 
5 ,1.4914 ,0.90914 ,5.28483 ,51.85474 
6 ,1.7316 ,0.91158 ,5.25745 ,51.58611 
7 ,1.9717 ,0.91399 ,5.23350 ,51.35107 
8 ,2.2119 ,0.91650 ,5.20270 ,51.04886 
9 ,2.4523 ,0.91871 ,5.16848 ,50.71308 
10 ,2.6764 ,0.92109 ,5.14794 ,50.51161 
11 ,2.8844 ,0.92319 ,5.16163 ,50.64592 
12 ,3.0925 ,0.92526 ,5.09661 ,50.00793 
13 ,3.3323 ,0.92752 ,5.09661 ,50.00793 
14 ,3.5403 ,0.92976 ,5.07950 ,49.84004 
15 ,3.7488 ,0.93177 ,5.04870 ,49.53784 
16 ,3.9568 ,0.93393 ,5.02474 ,49.30279 
17 ,4.1650 ,0.93594 ,5.02474 ,49.30279 
18 ,4.3732 ,0.93804 ,4.97683 ,48.83269 
19 ,4.5810 ,0.94017 ,4.98026 ,48.86627 
20 ,4.8052 ,0.94237 ,4.96657 ,48.73196 
21 ,5.0293 ,0.94464 ,4.91523 ,48.22828 
22 ,5.2375 ,0.94673 ,4.90497 ,48.12755 
23 ,5.4616 ,0.94891 ,4.88786 ,47.95966 
24 ,5.6854 ,0.95116 ,4.87417 ,47.82534 
25 ,5.8933 ,0.95334 ,4.83310 ,47.42240 
26 ,6.0857 ,0.95525 ,4.82968 ,47.38883 
27 ,6.3100 ,0.95737 ,4.78861 ,46.98589 
28 ,6.5180 ,0.95949 ,4.78519 ,46.95231 
29 ,6.7257 ,0.96161 ,4.77493 ,46.85157 
30 ,6.9342 ,0.96363 ,4.72702 ,46.38148 
31 ,7.1423 ,0.96570 ,4.73044 ,46.41506 
32 ,7.3504 ,0.96780 ,4.69279 ,46.04569 
33 ,7.5585 ,0.96992 ,4.69622 ,46.07927 
34 ,7.7823 ,0.97212 ,4.66542 ,45.77707 
35 ,8.0065 ,0.97442 ,4.62435 ,45.37413 
36 ,8.2147 ,0.97653 ,4.61751 ,45.30697 
37 ,8.4226 ,0.97850 ,4.60724 ,45.20624 
38 ,8.6310 ,0.98064 ,4.55933 ,44.73614 
39 ,8.8551 ,0.98295 ,4.54564 ,44.60183 
40 ,9.0631 ,0.98496 ,4.54906 ,44.63541 
41 ,9.2873 ,0.98717 ,4.52169 ,44.36678 
42 ,9.5114 ,0.98946 ,4.48746 ,44.03100 
43 ,9.7194 ,0.99155 ,4.47720 ,43.93026 
44 ,9.9110 ,0.99354 ,4.46693 ,43.82953 
45 ,10.1032 ,0.99535 ,4.44982 ,43.66163 
46 ,10.3117 ,0.99742 ,4.41560 ,43.32585 
47 ,10.5359 ,0.99966 ,4.40191 ,43.19154 
48 ,10.7439 ,1.00185 ,4.39164 ,43.09080 
49 ,10.9360 ,1.00376 ,4.34716 ,42.65429 
50 ,11.1441 ,1.00571 ,4.35058 ,42.68786 
51 ,11.3681 ,1.00797 ,4.32320 ,42.41924 
52 ,11.5922 ,1.01025 ,4.30267 ,42.21777 
53 ,11.8163 ,1.01242 ,4.29240 ,42.11703 
54 ,12.0244 ,1.01458 ,4.27871 ,41.98272 
55 ,12.2482 ,1.01676 ,4.23765 ,41.57978 
56 ,12.4727 ,1.01902 ,4.22053 ,41.41189 
57 ,12.6965 ,1.02124 ,4.20342 ,41.24400 
58 ,12.9044 ,1.02334 ,4.18631 ,41.07611 
59 ,13.1126 ,1.02536 ,4.15209 ,40.74032 
60 ,13.3210 ,1.02756 ,4.15551 ,40.77390 
61 ,13.5451 ,1.02976 ,4.12471 ,40.47170 
62 ,13.7532 ,1.03185 ,4.10760 ,40.30380 
63 ,13.9615 ,1.03387 ,4.10418 ,40.27023 
64 ,14.1851 ,1.03610 ,4.06996 ,39.93444 
65 ,14.3934 ,1.03820 ,4.04258 ,39.66582 
66 ,14.5851 ,1.04029 ,4.03916 ,39.63224 
67 ,14.7936 ,1.04221 ,3.99809 ,39.22930 
68 ,15.0015 ,1.04435 ,4.00152 ,39.26288 
69 ,15.2258 ,1.04657 ,3.98098 ,39.06141 
70 ,15.4498 ,1.04874 ,3.94334 ,38.69205 
71 ,15.6415 ,1.05081 ,3.93650 ,38.62489 
72 ,15.8500 ,1.05281 ,3.90912 ,38.35626 
73 ,16.0741 ,1.05504 ,3.88858 ,38.15479 
74 ,16.2820 ,1.05711 ,3.89201 ,38.18837 
75 ,16.5060 ,1.05934 ,3.85094 ,37.78543 
76 ,16.7142 ,1.06136 ,3.83725 ,37.65112 
77 ,16.9542 ,1.06375 ,3.81672 ,37.44965 
78 ,17.1628 ,1.06591 ,3.80303 ,37.31534 
79 ,17.3708 ,1.06798 ,3.76539 ,36.94597 
80 ,17.5945 ,1.07021 ,3.75854 ,36.87882 
81 ,17.8029 ,1.07234 ,3.74828 ,36.77808 
82 ,18.0426 ,1.07469 ,3.71748 ,36.47588 
83 ,18.2670 ,1.07694 ,3.70721 ,36.37514 
84 ,18.4751 ,1.07900 ,3.69694 ,36.27441 
85 ,18.6988 ,1.08124 ,3.69352 ,36.24083 
86 ,18.8907 ,1.08327 ,3.64561 ,35.77073 
87 ,19.0988 ,1.08531 ,3.63534 ,35.67000 
88 ,19.3073 ,1.08737 ,3.60454 ,35.36779 
89 ,19.5315 ,1.08960 ,3.58059 ,35.13275 
90 ,19.7395 ,1.09164 ,3.58401 ,35.16632 
91 ,19.9637 ,1.09394 ,3.55663 ,34.89770 
92 ,20.1720 ,1.09601 ,3.52926 ,34.62907 
93 ,20.3957 ,1.09820 ,3.51215 ,34.46118 
94 ,20.6199 ,1.10045 ,3.51215 ,34.46118 
95 ,20.8601 ,1.10286 ,3.49504 ,34.29329 
96 ,21.0841 ,1.10505 ,3.45397 ,33.89035 
97 ,21.3240 ,1.10739 ,3.42317 ,33.58814 
98 ,21.5319 ,1.10959 ,3.40264 ,33.38667 
99 ,21.7244 ,1.11155 ,3.40264 ,33.38667 
100 ,21.9323 ,1.11356 ,3.37184 ,33.08447 
101 ,22.1406 ,1.11566 ,3.36842 ,33.05089 
102 ,22.3324 ,1.11773 ,3.33077 ,32.68153 
103 ,22.5408 ,1.11962 ,3.35130 ,32.88300 
104 ,22.7487 ,1.12172 ,3.28971 ,32.27859 
105 ,22.9569 ,1.12376 ,3.30339 ,32.41290 
106 ,23.1650 ,1.12586 ,3.27602 ,32.14428 
107 ,23.3726 ,1.12792 ,3.25891 ,31.97639 
108 ,23.5812 ,1.13007 ,3.24180 ,31.80849 
109 ,23.8052 ,1.13230 ,3.22468 ,31.64060 
110 ,24.0293 ,1.13450 ,3.19046 ,31.30482 
111 ,24.2372 ,1.13659 ,3.19388 ,31.33840 
112 ,24.4451 ,1.13867 ,3.14597 ,30.86830 
113 ,24.6536 ,1.14080 ,3.13913 ,30.80115 
114 ,24.8774 ,1.14306 ,3.13229 ,30.73399 
115 ,25.0855 ,1.14509 ,3.11175 ,30.53252 
116 ,25.2778 ,1.14708 ,3.10833 ,30.49894 
117 ,25.4857 ,1.14909 ,3.06384 ,30.06242 
118 ,25.6939 ,1.15119 ,3.07069 ,30.12958 
119 ,25.9181 ,1.15336 ,3.04331 ,29.86095 
120 ,26.1101 ,1.15538 ,3.02278 ,29.65948 
121 ,26.3342 ,1.15756 ,3.00567 ,29.49159 
122 ,26.5419 ,1.15963 ,2.98171 ,29.25654 
123 ,26.7504 ,1.16170 ,2.95776 ,29.02150 
124 ,26.9424 ,1.16368 ,2.95776 ,29.02150 
125 ,27.1506 ,1.16571 ,2.93038 ,28.75287 
126 ,27.3744 ,1.16797 ,2.90985 ,28.55140 
127 ,27.5668 ,1.16998 ,2.88589 ,28.31635 
128 ,27.7744 ,1.17206 ,2.86878 ,28.14846 
129 ,27.9830 ,1.17405 ,2.87220 ,28.18204 
130 ,28.2068 ,1.17631 ,2.83798 ,27.84625 
131 ,28.4310 ,1.17852 ,2.82429 ,27.71194 
132 ,28.6234 ,1.18052 ,2.80376 ,27.51047 
133 ,28.8313 ,1.18247 ,2.77980 ,27.27542 
134 ,29.0713 ,1.18482 ,2.78665 ,27.34258 
135 ,29.2953 ,1.18721 ,2.76269 ,27.10753 
136 ,29.5197 ,1.18942 ,2.74558 ,26.93964 
137 ,29.7275 ,1.19146 ,2.70794 ,26.57028 
138 ,29.9357 ,1.19355 ,2.71478 ,26.63744 
139 ,30.1600 ,1.19579 ,2.67029 ,26.20092 
140 ,30.3837 ,1.19805 ,2.64976 ,25.99945 
141 ,30.5918 ,1.20015 ,2.64976 ,25.99945 
142 ,30.8001 ,1.20216 ,2.63949 ,25.89871 
143 ,31.0243 ,1.20445 ,2.60527 ,25.56293 
144 ,31.2323 ,1.20659 ,2.59843 ,25.49577 
145 ,31.4405 ,1.20866 ,2.58132 ,25.32788 
146 ,31.6484 ,1.21072 ,2.54367 ,24.95852 
147 ,31.8562 ,1.21280 ,2.55736 ,25.09283 
148 ,32.0807 ,1.21489 ,2.51972 ,24.72347 
149 ,32.2887 ,1.21707 ,2.49234 ,24.45485 
150 ,32.4809 ,1.21903 ,2.48892 ,24.42127 
151 ,32.7207 ,1.22146 ,2.48207 ,24.35411 
152 ,32.9611 ,1.22369 ,2.43759 ,23.91759 
153 ,33.1850 ,1.22602 ,2.42732 ,23.81686 
154 ,33.3932 ,1.22814 ,2.43074 ,23.85044 
155 ,33.6013 ,1.23018 ,2.38968 ,23.44750 
156 ,33.8254 ,1.23245 ,2.38625 ,23.41392 
157 ,34.0335 ,1.23456 ,2.37256 ,23.27961 
158 ,34.2416 ,1.23663 ,2.34519 ,23.01098 
159 ,34.4657 ,1.23884 ,2.31781 ,22.74235 
160 ,34.6741 ,1.24090 ,2.33150 ,22.87667 
161 ,34.8978 ,1.24318 ,2.30754 ,22.64162 
162 ,35.1220 ,1.24542 ,2.26306 ,22.20510 
163 ,35.3300 ,1.24746 ,2.26990 ,22.27226 
164 ,35.5539 ,1.24974 ,2.25279 ,22.10437 
165 ,35.7623 ,1.25185 ,2.22883 ,21.86932 
166 ,35.9863 ,1.25404 ,2.20146 ,21.60069 
167 ,36.1940 ,1.25617 ,2.21172 ,21.70143 
168 ,36.4023 ,1.25826 ,2.17750 ,21.36564 
169 ,36.5942 ,1.26025 ,2.16381 ,21.23133 
170 ,36.8026 ,1.26224 ,2.13644 ,20.96270 
171 ,37.0108 ,1.26433 ,2.12617 ,20.86197 
172 ,37.2187 ,1.26637 ,2.12617 ,20.86197 
173 ,37.4268 ,1.26842 ,2.09537 ,20.55976 
174 ,37.6508 ,1.27070 ,2.08168 ,20.42545 
175 ,37.8750 ,1.27299 ,2.07141 ,20.32472 
176 ,38.0990 ,1.27513 ,2.05088 ,20.12325 
177 ,38.3233 ,1.27742 ,2.01324 ,19.75388 
178 ,38.5314 ,1.27949 ,2.00639 ,19.68673 
179 ,38.7394 ,1.28166 ,1.99270 ,19.55241 
180 ,38.9472 ,1.28371 ,1.96875 ,19.31737 
181 ,39.1555 ,1.28578 ,1.97559 ,19.38452 
182 ,39.3797 ,1.28793 ,1.94822 ,19.11590 
183 ,39.6037 ,1.29026 ,1.92768 ,18.91443 
184 ,39.8119 ,1.29224 ,1.92084 ,18.84727 
185 ,40.0198 ,1.29438 ,1.89688 ,18.61222 
186 ,40.2281 ,1.29647 ,1.87635 ,18.41075 
187 ,40.4358 ,1.29855 ,1.87293 ,18.37717 
188 ,40.6600 ,1.30080 ,1.85924 ,18.24286 
189 ,40.8685 ,1.30292 ,1.82160 ,17.87350 
190 ,41.0762 ,1.30492 ,1.83871 ,18.04139 
191 ,41.2845 ,1.30698 ,1.79422 ,17.60487 
192 ,41.4926 ,1.30909 ,1.80449 ,17.70561 
193 ,41.7009 ,1.31125 ,1.77369 ,17.40340 
194 ,41.9248 ,1.31340 ,1.74631 ,17.13478 
195 ,42.1326 ,1.31549 ,1.74631 ,17.13478 
196 ,42.3409 ,1.31762 ,1.71551 ,16.83257 
197 ,42.5490 ,1.31969 ,1.70524 ,16.73184 
198 ,42.7733 ,1.32187 ,1.70866 ,16.76542 
199 ,42.9971 ,1.32415 ,1.67786 ,16.46321 
200 ,43.2049 ,1.32624 ,1.64707 ,16.16101 
201 ,43.4455 ,1.32865 ,1.62311 ,15.92596 
202 ,43.6697 ,1.33092 ,1.61969 ,15.89238 
203 ,43.8775 ,1.33292 ,1.60942 ,15.79164 
204 ,44.1017 ,1.33519 ,1.58547 ,15.55660 
205 ,44.3254 ,1.33744 ,1.57178 ,15.42228 
206 ,44.5340 ,1.33949 ,1.56493 ,15.35513 
207 ,44.7578 ,1.34169 ,1.53756 ,15.08650 
208 ,44.9820 ,1.34398 ,1.51360 ,14.85145 
209 ,45.1902 ,1.34604 ,1.50676 ,14.78430 
210 ,45.4138 ,1.34828 ,1.51018 ,14.81787 
211 ,45.6223 ,1.35043 ,1.46227 ,14.34778 
212 ,45.8143 ,1.35241 ,1.45542 ,14.28062 
213 ,45.9904 ,1.35420 ,1.43831 ,14.11273 
214 ,46.1823 ,1.35602 ,1.42805 ,14.01199 
215 ,46.3748 ,1.35796 ,1.43831 ,14.11273 
216 ,46.5827 ,1.35997 ,1.39383 ,13.67621 
217 ,46.7748 ,1.36200 ,1.40409 ,13.77695 
218 ,46.9827 ,1.36397 ,1.36645 ,13.40759 
219 ,47.1911 ,1.36608 ,1.36645 ,13.40759 
220 ,47.4153 ,1.36828 ,1.35618 ,13.30685 
221 ,47.6228 ,1.37034 ,1.33223 ,13.07180 
222 ,47.8152 ,1.37241 ,1.32538 ,13.00465 
223 ,48.0234 ,1.37431 ,1.29458 ,12.70244 
224 ,48.2154 ,1.37640 ,1.29800 ,12.73602 
225 ,48.4074 ,1.37825 ,1.27747 ,12.53455 
226 ,48.6316 ,1.38051 ,1.27063 ,12.46739 
227 ,48.8717 ,1.38275 ,1.25009 ,12.26592 
228 ,49.0956 ,1.38510 ,1.23641 ,12.13161 
229 ,49.3197 ,1.38732 ,1.21245 ,11.89656 
230 ,49.5279 ,1.38942 ,1.19534 ,11.72867 
231 ,49.7517 ,1.39162 ,1.19192 ,11.69509 
232 ,49.9604 ,1.39374 ,1.14743 ,11.25857 
233 ,50.1843 ,1.39599 ,1.13374 ,11.12426 
234 ,50.3924 ,1.39807 ,1.15085 ,11.29215 
235 ,50.5844 ,1.40014 ,1.11663 ,10.95637 
236 ,50.7925 ,1.40208 ,1.12347 ,11.02353 
237 ,51.0003 ,1.40417 ,1.07214 ,10.51985 
238 ,51.2086 ,1.40621 ,1.08583 ,10.65416 
239 ,51.4168 ,1.40832 ,1.05161 ,10.31838 
240 ,51.6246 ,1.41040 ,1.03792 ,10.18407 
241 ,51.8330 ,1.41249 ,1.04134 ,10.21765 
242 ,52.0885 ,1.41485 ,0.99685 ,9.78113 
243 ,52.2966 ,1.41720 ,1.01054 ,9.91544 
244 ,52.5051 ,1.41924 ,0.98317 ,9.64682 
245 ,52.7614 ,1.42176 ,0.95579 ,9.37819 
246 ,52.9695 ,1.42381 ,0.96605 ,9.47892 
247 ,53.1771 ,1.42590 ,0.94552 ,9.27745 
248 ,53.3695 ,1.42785 ,0.93525 ,9.17672 
249 ,53.5778 ,1.42985 ,0.91130 ,8.94167 
250 ,53.8018 ,1.43211 ,0.87708 ,8.60589 
251 ,54.0098 ,1.43428 ,0.90103 ,8.84094 
252 ,54.2339 ,1.43642 ,0.88734 ,8.70662 
253 ,54.4419 ,1.43855 ,0.84628 ,8.30368 
254 ,54.6821 ,1.44095 ,0.81548 ,8.00148 
255 ,54.9061 ,1.44323 ,0.81548 ,8.00148 
256 ,55.1303 ,1.44534 ,0.82917 ,8.13579 
257 ,55.3544 ,1.44764 ,0.78810 ,7.73285 
258 ,55.5624 ,1.44980 ,0.76072 ,7.46423 
259 ,55.7705 ,1.45178 ,0.77784 ,7.63212 
260 ,55.9785 ,1.45388 ,0.74019 ,7.26276 
261 ,56.1868 ,1.45595 ,0.74019 ,7.26276 
262 ,56.3944 ,1.45805 ,0.73677 ,7.22918 
263 ,56.6029 ,1.46011 ,0.70597 ,6.92697 
264 ,56.8268 ,1.46241 ,0.69913 ,6.85982 
265 ,57.0348 ,1.46444 ,0.67859 ,6.65835 
266 ,57.2432 ,1.46659 ,0.64779 ,6.35614 
267 ,57.4667 ,1.46872 ,0.64779 ,6.35614 
268 ,57.6754 ,1.47091 ,0.64095 ,6.28899 
269 ,57.8834 ,1.47293 ,0.60673 ,5.95320 
270 ,58.0914 ,1.47503 ,0.62042 ,6.08752 
271 ,58.2996 ,1.47709 ,0.57935 ,5.68458 
272 ,58.5232 ,1.47933 ,0.56908 ,5.58384 
273 ,58.7477 ,1.48158 ,0.56224 ,5.51668 
274 ,58.9720 ,1.48381 ,0.56908 ,5.58384 
275 ,59.2119 ,1.48611 ,0.52802 ,5.18090 
276 ,59.4198 ,1.48837 ,0.50748 ,4.97943 
277 ,59.6278 ,1.49035 ,0.51433 ,5.04659 
278 ,59.8523 ,1.49264 ,0.49380 ,4.84512 
279 ,60.0759 ,1.49485 ,0.47668 ,4.67723 
280 ,60.2842 ,1.49694 ,0.46984 ,4.61007 
281 ,60.5081 ,1.49920 ,0.46642 ,4.57649 
282 ,60.7005 ,1.50112 ,0.42535 ,4.17355 
283 ,60.9406 ,1.50344 ,0.42877 ,4.20713 
284 ,61.1647 ,1.50573 ,0.40824 ,4.00566 
285 ,61.3730 ,1.50783 ,0.41166 ,4.03924 
286 ,61.5810 ,1.50987 ,0.37402 ,3.66988 
287 ,61.7890 ,1.51195 ,0.37744 ,3.70346 
288 ,62.0128 ,1.51424 ,0.35349 ,3.46841 
289 ,62.2211 ,1.51630 ,0.32611 ,3.19978 
290 ,62.4450 ,1.51854 ,0.32269 ,3.16620 
291 ,62.6693 ,1.52076 ,0.32269 ,3.16620 
292 ,62.8773 ,1.52285 ,0.28504 ,2.79684 
293 ,63.1015 ,1.52504 ,0.28162 ,2.76326 
294 ,63.3096 ,1.52715 ,0.28847 ,2.83042 
295 ,63.5176 ,1.52922 ,0.24398 ,2.39390 
296 ,63.7258 ,1.53132 ,0.25767 ,2.52822 
297 ,63.9178 ,1.53329 ,0.22344 ,2.19243 
298 ,64.1415 ,1.53546 ,0.21660 ,2.12528 
299 ,64.3500 ,1.53755 ,0.21660 ,2.12528 
300 ,64.5581 ,1.53965 ,0.19264 ,1.89023 
301 ,64.7663 ,1.54174 ,0.19264 ,1.89023 
302 ,64.9746 ,1.54381 ,0.16527 ,1.62160 
303 ,65.1822 ,1.54590 ,0.15158 ,1.48729 
304 ,65.3905 ,1.54806 ,0.15158 ,1.48729 
305 ,65.6147 ,1.55024 ,0.12420 ,1.21866 
306 ,65.8227 ,1.55233 ,0.12420 ,1.21866 
307 ,66.0308 ,1.55441 ,0.11393 ,1.11793 
308 ,66.2708 ,1.55683 ,0.10367 ,1.01719 
309 ,66.4786 ,1.55890 ,0.06945 ,0.68141 
310 ,66.7032 ,1.56109 ,0.05918 ,0.58067 
311 ,66.9111 ,1.56316 ,0.06260 ,0.61425 
312 ,67.1351 ,1.56540 ,0.03865 ,0.37920 
313 ,67.3433 ,1.56748 ,0.03522 ,0.34563 
314 ,67.5514 ,1.56961 ,0.01469 ,0.14416 
315 ,67.7755 ,1.57181 ,-0.00584 ,-0.05731 
316 ,67.9996 ,1.57399 ,-0.03322 ,-0.32594 
317 ,68.2076 ,1.57616 ,-0.01611 ,-0.15805 
318 ,68.4317 ,1.57839 ,-0.02980 ,-0.29236 
319 ,68.6236 ,1.58037 ,-0.05375 ,-0.52741 
320 ,68.8160 ,1.58228 ,-0.07086 ,-0.69530 
321 ,69.0401 ,1.58445 ,-0.08455 ,-0.82961 
322 ,69.2480 ,1.58656 ,-0.07428 ,-0.72888 
323 ,69.4560 ,1.58866 ,-0.11877 ,-1.16540 
324 ,69.6799 ,1.59082 ,-0.13588 ,-1.33329 
325 ,69.8884 ,1.59288 ,-0.12562 ,-1.23255 
326 ,70.1125 ,1.59513 ,-0.14957 ,-1.46760 
327 ,70.3206 ,1.59723 ,-0.15984 ,-1.56834 
328 ,70.5287 ,1.59935 ,-0.15642 ,-1.53476 
329 ,70.7366 ,1.60142 ,-0.19406 ,-1.90412 
330 ,70.9611 ,1.60373 ,-0.20090 ,-1.97128 
331 ,71.1850 ,1.60588 ,-0.20090 ,-1.97128 
332 ,71.3931 ,1.60799 ,-0.22144 ,-2.17275 
333 ,71.6012 ,1.61006 ,-0.23170 ,-2.27348 
334 ,71.8253 ,1.61230 ,-0.23170 ,-2.27348 
335 ,72.0651 ,1.61461 ,-0.26593 ,-2.60926 
336 ,72.2735 ,1.61679 ,-0.27961 ,-2.74358 
337 ,72.4972 ,1.61899 ,-0.29330 ,-2.87789 
338 ,72.7216 ,1.62128 ,-0.29330 ,-2.87789 
339 ,72.9296 ,1.62331 ,-0.29673 ,-2.91147 
340 ,73.1696 ,1.62567 ,-0.32410 ,-3.18010 
341 ,73.3777 ,1.62784 ,-0.34121 ,-3.34799 
342 ,73.5858 ,1.62990 ,-0.32068 ,-3.14652 
343 ,73.7940 ,1.63198 ,-0.36175 ,-3.54946 
344 ,74.0179 ,1.63420 ,-0.37201 ,-3.65019 
345 ,74.2420 ,1.63638 ,-0.35490 ,-3.48230 
346 ,74.4501 ,1.63848 ,-0.38912 ,-3.81808 
347 ,74.6583 ,1.64063 ,-0.40623 ,-3.98597 
348 ,74.8822 ,1.64287 ,-0.41308 ,-4.05313 
349 ,75.0901 ,1.64494 ,-0.41650 ,-4.08671 
350 ,75.2986 ,1.64705 ,-0.44046 ,-4.32176 
351 ,75.5067 ,1.64914 ,-0.43361 ,-4.25460 
352 ,75.7308 ,1.65135 ,-0.45757 ,-4.48965 
353 ,75.9708 ,1.65361 ,-0.49179 ,-4.82543 
354 ,76.1789 ,1.65578 ,-0.49521 ,-4.85901 
355 ,76.3868 ,1.65791 ,-0.49179 ,-4.82543 
356 ,76.5952 ,1.65995 ,-0.51232 ,-5.02690 
357 ,76.8031 ,1.66207 ,-0.52601 ,-5.16121 
358 ,76.9953 ,1.66411 ,-0.53628 ,-5.26195 
359 ,77.2035 ,1.66606 ,-0.53628 ,-5.26195 
360 ,77.4592 ,1.66865 ,-0.56365 ,-5.53058 
361 ,77.6675 ,1.67068 ,-0.54997 ,-5.39626 
362 ,77.8757 ,1.67276 ,-0.58761 ,-5.76562 
363 ,78.0995 ,1.67501 ,-0.60814 ,-5.96709 
364 ,78.3078 ,1.67712 ,-0.60130 ,-5.89994 
365 ,78.5315 ,1.67932 ,-0.61156 ,-6.00067 
366 ,78.7555 ,1.68154 ,-0.64236 ,-6.30288 
367 ,78.9637 ,1.68364 ,-0.63210 ,-6.20214 
368 ,79.1721 ,1.68575 ,-0.65263 ,-6.40361 
369 ,79.3960 ,1.68798 ,-0.68001 ,-6.67224 
370 ,79.6199 ,1.69020 ,-0.68001 ,-6.67224 
371 ,79.8284 ,1.69235 ,-0.68685 ,-6.73940 
372 ,80.0363 ,1.69438 ,-0.72107 ,-7.07518 
373 ,80.2446 ,1.69646 ,-0.70396 ,-6.90729 
374 ,80.4527 ,1.69850 ,-0.72450 ,-7.10876 
375 ,80.6609 ,1.70068 ,-0.74161 ,-7.27665 
376 ,80.9010 ,1.70298 ,-0.74503 ,-7.31023 
377 ,81.1246 ,1.70525 ,-0.74503 ,-7.31023 
378 ,81.3167 ,1.70721 ,-0.76898 ,-7.54527 
379 ,81.5248 ,1.70928 ,-0.76556 ,-7.51170 
380 ,81.7012 ,1.71119 ,-0.80663 ,-7.91464 
381 ,81.9092 ,1.71309 ,-0.77925 ,-7.64601 
382 ,82.1331 ,1.71537 ,-0.81005 ,-7.94821 
383 ,82.3414 ,1.71744 ,-0.81005 ,-7.94821 
384 ,82.5496 ,1.71951 ,-0.83058 ,-8.14968 
385 ,82.7735 ,1.72175 ,-0.85112 ,-8.35115 
386 ,82.9976 ,1.72398 ,-0.85796 ,-8.41831 
387 ,83.2216 ,1.72623 ,-0.85454 ,-8.38473 
388 ,83.4299 ,1.72830 ,-0.86823 ,-8.51904 
389 ,83.6698 ,1.73059 ,-0.89560 ,-8.78767 
390 ,83.8940 ,1.73292 ,-0.90929 ,-8.92198 
391 ,84.1021 ,1.73500 ,-0.91956 ,-9.02272 
392 ,84.3103 ,1.73709 ,-0.92640 ,-9.08988 
393 ,84.5344 ,1.73921 ,-0.94351 ,-9.25777 
394 ,84.7584 ,1.74159 ,-0.95378 ,-9.35850 
395 ,84.9663 ,1.74365 ,-0.94351 ,-9.25777 
396 ,85.1582 ,1.74561 ,-0.97089 ,-9.52639 
397 ,85.3667 ,1.74767 ,-0.96063 ,-9.42566 
398 ,85.5906 ,1.74990 ,-0.98800 ,-9.69429 
399 ,85.7988 ,1.75200 ,-1.01538 ,-9.96291 
400 ,86.0071 ,1.75404 ,-0.98800 ,-9.69429 
401 ,86.2148 ,1.75615 ,-1.03249 ,-10.13080 
402 ,86.4553 ,1.75844 ,-1.03591 ,-10.16438 
403 ,86.6792 ,1.76077 ,-1.04960 ,-10.29869 
404 ,86.8874 ,1.76291 ,-1.03934 ,-10.19796 
405 ,87.0951 ,1.76497 ,-1.07356 ,-10.53374 
406 ,87.3192 ,1.76718 ,-1.07356 ,-10.53374 
407 ,87.5596 ,1.76944 ,-1.07698 ,-10.56732 
408 ,87.7837 ,1.77180 ,-1.08382 ,-10.63448 
409 ,87.9919 ,1.77390 ,-1.10093 ,-10.80237 
410 ,88.2159 ,1.77612 ,-1.14200 ,-11.20531 
411 ,88.4718 ,1.77871 ,-1.11120 ,-10.90310 
412 ,88.6958 ,1.78099 ,-1.14542 ,-11.23889 
413 ,88.9201 ,1.78323 ,-1.15569 ,-11.33962 
414 ,89.1443 ,1.78540 ,-1.14884 ,-11.27247 
415 ,89.3523 ,1.78750 ,-1.17622 ,-11.54109 
416 ,89.5602 ,1.78953 ,-1.18649 ,-11.64183 
417 ,89.7846 ,1.79182 ,-1.17280 ,-11.50751 
418 ,90.0403 ,1.79435 ,-1.20360 ,-11.80972 
419 ,90.2643 ,1.79660 ,-1.21044 ,-11.87688 
420 ,90.4884 ,1.79889 ,-1.21387 ,-11.91045 
421 ,90.7126 ,1.80110 ,-1.25151 ,-12.27981 
422 ,90.9531 ,1.80351 ,-1.24124 ,-12.17908 
423 ,91.1933 ,1.80594 ,-1.26520 ,-12.41413 
424 ,91.4171 ,1.80813 ,-1.28231 ,-12.58202 
425 ,91.6253 ,1.81023 ,-1.25835 ,-12.34697 
426 ,91.8332 ,1.81228 ,-1.29258 ,-12.68275 
427 ,92.0575 ,1.81458 ,-1.30626 ,-12.81707 
428 ,92.2657 ,1.81668 ,-1.28915 ,-12.64918 
429 ,92.4738 ,1.81875 ,-1.32680 ,-13.01854 
430 ,92.6817 ,1.82076 ,-1.31653 ,-12.91780 
431 ,92.8899 ,1.82280 ,-1.33364 ,-13.08569 
432 ,93.1297 ,1.82517 ,-1.36102 ,-13.35432 
433 ,93.3382 ,1.82737 ,-1.35760 ,-13.32074 
434 ,93.5622 ,1.82960 ,-1.35760 ,-13.32074 
435 ,93.7702 ,1.83167 ,-1.37813 ,-13.52221 
436 ,93.9785 ,1.83378 ,-1.39524 ,-13.69010 
437 ,94.1862 ,1.83584 ,-1.38155 ,-13.55579 
438 ,94.3943 ,1.83789 ,-1.41920 ,-13.92515 
439 ,94.6024 ,1.84000 ,-1.40893 ,-13.82442 
440 ,94.8109 ,1.84213 ,-1.42262 ,-13.95873 
441 ,95.0350 ,1.84432 ,-1.44315 ,-14.16020 
442 ,95.2426 ,1.84639 ,-1.43631 ,-14.09304 
443 ,95.4509 ,1.84849 ,-1.45342 ,-14.26093 
444 ,95.6592 ,1.85056 ,-1.47395 ,-14.46240 
445 ,95.8833 ,1.85279 ,-1.46711 ,-14.39525 
446 ,96.1071 ,1.85503 ,-1.46368 ,-14.36167 
447 ,96.3150 ,1.85712 ,-1.50133 ,-14.73103 
448 ,96.5234 ,1.85920 ,-1.49791 ,-14.69745 
449 ,96.7475 ,1.86142 ,-1.50133 ,-14.73103 
450 ,96.9558 ,1.86350 ,-1.54582 ,-15.16755 
451 ,97.1794 ,1.86576 ,-1.53897 ,-15.10039 
452 ,97.3875 ,1.86780 ,-1.53213 ,-15.03324 
453 ,97.5957 ,1.87000 ,-1.55608 ,-15.26828 
454 ,97.8200 ,1.87214 ,-1.56293 ,-15.33544 
455 ,98.0442 ,1.87439 ,-1.56293 ,-15.33544 
456 ,98.2523 ,1.87646 ,-1.58346 ,-15.53691 
457 ,98.4763 ,1.87867 ,-1.60742 ,-15.77196 
458 ,98.6843 ,1.88084 ,-1.58004 ,-15.50333 
459 ,98.9083 ,1.88303 ,-1.59715 ,-15.67122 
460 ,99.0844 ,1.88493 ,-1.62795 ,-15.97343 
461 ,99.2765 ,1.88685 ,-1.62453 ,-15.93985 
462 ,99.4689 ,1.88866 ,-1.62795 ,-15.97343 
463 ,99.6926 ,1.89081 ,-1.64848 ,-16.17490 
464 ,99.9170 ,1.89307 ,-1.66559 ,-16.34279 
465 ,100.1732 ,1.89549 ,-1.67244 ,-16.40995 
466 ,100.3970 ,1.89790 ,-1.68613 ,-16.54426 
467 ,100.6052 ,1.90010 ,-1.68270 ,-16.51068 
468 ,100.7969 ,1.90191 ,-1.71350 ,-16.81289 
469 ,101.0055 ,1.90403 ,-1.69297 ,-16.61142 
470 ,101.2135 ,1.90609 ,-1.72035 ,-16.88004 
471 ,101.4374 ,1.90828 ,-1.72377 ,-16.91362 
472 ,101.6456 ,1.91040 ,-1.72377 ,-16.91362 
473 ,101.8532 ,1.91250 ,-1.74088 ,-17.08151 
474 ,102.0616 ,1.91462 ,-1.74772 ,-17.14867 
475 ,102.2858 ,1.91682 ,-1.75799 ,-17.24940 
476 ,102.4937 ,1.91895 ,-1.78195 ,-17.48445 
477 ,102.7021 ,1.92091 ,-1.77168 ,-17.38372 
478 ,102.9258 ,1.92316 ,-1.77168 ,-17.38372 
479 ,103.1499 ,1.92543 ,-1.80932 ,-17.75308 
480 ,103.3580 ,1.92756 ,-1.81275 ,-17.78666 
481 ,103.5665 ,1.92963 ,-1.80932 ,-17.75308 
482 ,103.7747 ,1.93167 ,-1.82643 ,-17.92097 
483 ,103.9986 ,1.93389 ,-1.84012 ,-18.05528 
484 ,104.2065 ,1.93603 ,-1.81959 ,-17.85381 
485 ,104.4305 ,1.93821 ,-1.84354 ,-18.08886 
486 ,104.6389 ,1.94028 ,-1.86066 ,-18.25675 
487 ,104.8630 ,1.94256 ,-1.86066 ,-18.25675 
488 ,105.0713 ,1.94460 ,-1.87092 ,-18.35749 
489 ,105.2948 ,1.94683 ,-1.88803 ,-18.52538 
490 ,105.4870 ,1.94881 ,-1.86750 ,-18.32391 
491 ,105.6954 ,1.95085 ,-1.90514 ,-18.69327 
492 ,105.8872 ,1.95294 ,-1.91541 ,-18.79401 
493 ,106.0953 ,1.95484 ,-1.92568 ,-18.89474 
494 ,106.3031 ,1.95703 ,-1.91883 ,-18.82758 
495 ,106.4955 ,1.95900 ,-1.92568 ,-18.89474 
496 ,106.7038 ,1.96095 ,-1.92225 ,-18.86116 
497 ,106.9278 ,1.96315 ,-1.93594 ,-18.99547 
498 ,107.1359 ,1.96524 ,-1.96332 ,-19.26410 
499 ,107.3441 ,1.96732 ,-1.94621 ,-19.09621 
500 ,107.5681 ,1.96962 ,-1.95648 ,-19.19694 
501 ,107.7760 ,1.97165 ,-1.97016 ,-19.33126 
502 ,107.9841 ,1.97375 ,-1.97701 ,-19.39841 
503 ,108.1924 ,1.97582 ,-2.00096 ,-19.63346 
504 ,108.4007 ,1.97789 ,-1.99754 ,-19.59988 
505 ,108.6245 ,1.98019 ,-2.00781 ,-19.70062 
506 ,108.8486 ,1.98241 ,-2.00439 ,-19.66704 
507 ,109.0730 ,1.98464 ,-2.03861 ,-20.00282 
508 ,109.2808 ,1.98677 ,-2.04203 ,-20.03640 
509 ,109.4888 ,1.98882 ,-2.04203 ,-20.03640 
510 ,109.6805 ,1.99085 ,-2.05914 ,-20.20429 
511 ,109.8733 ,1.99274 ,-2.04887 ,-20.10356 
512 ,110.0813 ,1.99474 ,-2.05572 ,-20.17072 
513 ,110.3051 ,1.99697 ,-2.06941 ,-20.30503 
514 ,110.5135 ,1.99902 ,-2.09336 ,-20.54008 
515 ,110.7371 ,2.00127 ,-2.10363 ,-20.64081 
516 ,110.9617 ,2.00351 ,-2.10021 ,-20.60723 
517 ,111.1858 ,2.00576 ,-2.09336 ,-20.54008 
518 ,111.3938 ,2.00786 ,-2.13101 ,-20.90944 
519 ,111.6018 ,2.01000 ,-2.14127 ,-21.01017 
520 ,111.8094 ,2.01198 ,-2.13785 ,-20.97659 
521 ,112.0659 ,2.01453 ,-2.13101 ,-20.90944 
522 ,112.2901 ,2.01681 ,-2.15154 ,-21.11091 
523 ,112.4977 ,2.01898 ,-2.16523 ,-21.24522 
524 ,112.7219 ,2.02106 ,-2.16181 ,-21.21164 
525 ,112.9462 ,2.02338 ,-2.16865 ,-21.27880 
526 ,113.1864 ,2.02577 ,-2.18234 ,-21.41311 
527 ,113.4427 ,2.02833 ,-2.19261 ,-21.51385 
528 ,113.6508 ,2.03043 ,-2.20972 ,-21.68174 
529 ,113.8589 ,2.03247 ,-2.22341 ,-21.81605 
530 ,114.0671 ,2.03457 ,-2.21314 ,-21.71532 
531 ,114.2909 ,2.03672 ,-2.24394 ,-22.01752 
532 ,114.5149 ,2.03903 ,-2.24736 ,-22.05110 
533 ,114.7233 ,2.04113 ,-2.25078 ,-22.08468 
534 ,114.9470 ,2.04338 ,-2.23709 ,-21.95037 
535 ,115.1554 ,2.04543 ,-2.27474 ,-22.31973 
536 ,115.3794 ,2.04772 ,-2.28158 ,-22.38688 
537 ,115.6035 ,2.04994 ,-2.28500 ,-22.42046 
538 ,115.8117 ,2.05199 ,-2.29527 ,-22.52120 
539 ,116.0358 ,2.05422 ,-2.31238 ,-22.68909 
540 ,116.2439 ,2.05632 ,-2.28843 ,-22.45404 
541 ,116.4678 ,2.05854 ,-2.31580 ,-22.72267 
542 ,116.6756 ,2.06058 ,-2.32607 ,-22.82340 
543 ,116.8839 ,2.06267 ,-2.32265 ,-22.78982 
544 ,117.0919 ,2.06479 ,-2.33634 ,-22.92414 
545 ,117.3004 ,2.06684 ,-2.34318 ,-22.99129 
546 ,117.5080 ,2.06897 ,-2.33291 ,-22.89056 
547 ,117.7165 ,2.07106 ,-2.38425 ,-23.39423 
548 ,117.9246 ,2.07310 ,-2.36371 ,-23.19276 
549 ,118.1487 ,2.07536 ,-2.37056 ,-23.25992 
550 ,118.3566 ,2.07741 ,-2.39794 ,-23.52855 
551 ,118.5646 ,2.07954 ,-2.37740 ,-23.32708 
552 ,118.8210 ,2.08199 ,-2.39451 ,-23.49497 
553 ,119.0604 ,2.08448 ,-2.41162 ,-23.66286 
554 ,119.2687 ,2.08661 ,-2.41505 ,-23.69644 
555 ,119.4774 ,2.08859 ,-2.43900 ,-23.93149 
556 ,119.7010 ,2.09085 ,-2.43216 ,-23.86433 
557 ,119.9413 ,2.09327 ,-2.44927 ,-24.03222 
558 ,120.1651 ,2.09550 ,-2.44927 ,-24.03222 
559 ,120.3738 ,2.09757 ,-2.47322 ,-24.26727 
560 ,120.5817 ,2.09968 ,-2.47322 ,-24.26727 
561 ,120.7737 ,2.10171 ,-2.46980 ,-24.23369 
562 ,120.9658 ,2.10363 ,-2.48349 ,-24.36800 
563 ,121.1738 ,2.10559 ,-2.49376 ,-24.46874 
564 ,121.3821 ,2.10761 ,-2.50060 ,-24.53589 
565 ,121.5901 ,2.10984 ,-2.49376 ,-24.46874 
566 ,121.8300 ,2.11204 ,-2.52798 ,-24.80452 
567 ,122.0377 ,2.11426 ,-2.53482 ,-24.87168 
568 ,122.2459 ,2.11630 ,-2.51429 ,-24.67021 
569 ,122.4542 ,2.11838 ,-2.53824 ,-24.90526 
570 ,122.6624 ,2.12041 ,-2.55536 ,-25.07315 
571 ,122.8705 ,2.12255 ,-2.55536 ,-25.07315 
572 ,123.0783 ,2.12459 ,-2.56904 ,-25.20746 
573 ,123.3184 ,2.12714 ,-2.58615 ,-25.37535 
574 ,123.5750 ,2.12959 ,-2.58273 ,-25.34177 
575 ,123.7829 ,2.13166 ,-2.58615 ,-25.37535 
576 ,123.9910 ,2.13382 ,-2.57589 ,-25.27462 
577 ,124.1829 ,2.13577 ,-2.61011 ,-25.61040 
578 ,124.4073 ,2.13780 ,-2.60327 ,-25.54324 
579 ,124.6313 ,2.14013 ,-2.61695 ,-25.67756 
580 ,124.8394 ,2.14220 ,-2.63749 ,-25.87903 
581 ,125.0635 ,2.14452 ,-2.63749 ,-25.87903 
582 ,125.2714 ,2.14666 ,-2.63064 ,-25.81187 
583 ,125.4797 ,2.14866 ,-2.65460 ,-26.04692 
584 ,125.6718 ,2.15068 ,-2.64775 ,-25.97976 
585 ,125.8798 ,2.15256 ,-2.66829 ,-26.18123 
586 ,126.0876 ,2.15469 ,-2.65460 ,-26.04692 
587 ,126.2800 ,2.15677 ,-2.66486 ,-26.14765 
588 ,126.4876 ,2.15877 ,-2.67855 ,-26.28197 
589 ,126.6960 ,2.16080 ,-2.69566 ,-26.44986 
590 ,126.9203 ,2.16310 ,-2.71620 ,-26.65133 
591 ,127.1280 ,2.16517 ,-2.70593 ,-26.55059 
592 ,127.3364 ,2.16723 ,-2.72304 ,-26.71848 
593 ,127.5602 ,2.16943 ,-2.74015 ,-26.88638 
594 ,127.7685 ,2.17157 ,-2.72646 ,-26.75206 
595 ,127.9606 ,2.17359 ,-2.75384 ,-27.02069 
596 ,128.1688 ,2.17553 ,-2.73673 ,-26.85280 
597 ,128.3771 ,2.17757 ,-2.76069 ,-27.08785 
598 ,128.6010 ,2.17982 ,-2.76753 ,-27.15500 
599 ,128.8090 ,2.18193 ,-2.75384 ,-27.02069 
600 ,129.0327 ,2.18412 ,-2.77095 ,-27.18858 
601 ,129.2413 ,2.18622 ,-2.78806 ,-27.35647 
602 ,129.4493 ,2.18836 ,-2.77095 ,-27.18858 
603 ,129.6575 ,2.19039 ,-2.81544 ,-27.62510 
604 ,129.8817 ,2.19260 ,-2.81202 ,-27.59152 
605 ,130.0736 ,2.19467 ,-2.79491 ,-27.42363 
606 ,130.2814 ,2.19664 ,-2.82913 ,-27.75941 
607 ,130.4738 ,2.19865 ,-2.79148 ,-27.39005 
608 ,130.6819 ,2.20059 ,-2.83255 ,-27.79299 
609 ,130.8895 ,2.20280 ,-2.80860 ,-27.55794 
610 ,131.1140 ,2.20498 ,-2.80517 ,-27.52436 
611 ,131.3381 ,2.20712 ,-2.82228 ,-27.69225 
612 ,131.5457 ,2.20928 ,-2.81202 ,-27.59152 
613 ,131.7543 ,2.21137 ,-2.81202 ,-27.59152 
614 ,131.9623 ,2.21344 ,-2.82913 ,-27.75941 
615 ,132.1863 ,2.21572 ,-2.81544 ,-27.62510 
616 ,132.4106 ,2.21790 ,-2.80860 ,-27.55794 
617 ,132.6349 ,2.22018 ,-2.84282 ,-27.89372 
618 ,132.8425 ,2.22229 ,-2.85651 ,-28.02804 
619 ,133.0827 ,2.22449 ,-2.84624 ,-27.92730 
620 ,133.3066 ,2.22694 ,-2.84966 ,-27.96088 
621 ,133.5152 ,2.22900 ,-2.86335 ,-28.09519 
622 ,133.7232 ,2.23104 ,-2.87704 ,-28.22951 
623 ,133.9152 ,2.23311 ,-2.85651 ,-28.02804 
624 ,134.1232 ,2.23500 ,-2.90099 ,-28.46456 
625 ,134.3634 ,2.23744 ,-2.89757 ,-28.43098 
626 ,134.5717 ,2.23953 ,-2.88731 ,-28.33024 
627 ,134.7796 ,2.24160 ,-2.91811 ,-28.63245 
628 ,134.9874 ,2.24370 ,-2.91126 ,-28.56529 
629 ,135.2118 ,2.24592 ,-2.90784 ,-28.53171 
630 ,135.4194 ,2.24799 ,-2.93522 ,-28.80034 
631 ,135.6280 ,2.25007 ,-2.92837 ,-28.73318 
632 ,135.8520 ,2.25236 ,-2.92837 ,-28.73318 
633 ,136.0602 ,2.25433 ,-2.95917 ,-29.03539 
634 ,136.2838 ,2.25666 ,-2.96602 ,-29.10254 
635 ,136.4918 ,2.25869 ,-2.96602 ,-29.10254 
636 ,136.7002 ,2.26086 ,-2.98655 ,-29.30401 
637 ,136.9244 ,2.26300 ,-2.97970 ,-29.23686 
638 ,137.1325 ,2.26511 ,-2.98655 ,-29.30401 
639 ,137.3566 ,2.26734 ,-2.99681 ,-29.40475 
640 ,137.5648 ,2.26947 ,-3.01393 ,-29.57264 
641 ,137.7887 ,2.27175 ,-2.98997 ,-29.33759 
642 ,138.0128 ,2.27395 ,-3.01050 ,-29.53906 
643 ,138.2369 ,2.27613 ,-3.04473 ,-29.87484 
644 ,138.4451 ,2.27829 ,-3.04130 ,-29.84127 
645 ,138.6846 ,2.28075 ,-3.06526 ,-30.07631 
646 ,138.9088 ,2.28284 ,-3.04473 ,-29.87484 
647 ,139.1168 ,2.28500 ,-3.05841 ,-30.00916 
648 ,139.3250 ,2.28702 ,-3.06526 ,-30.07631 
649 ,139.5332 ,2.28912 ,-3.06868 ,-30.10989 
650 ,139.7415 ,2.29115 ,-3.08237 ,-30.24421 
651 ,139.9496 ,2.29333 ,-3.06868 ,-30.10989 
652 ,140.1577 ,2.29533 ,-3.09264 ,-30.34494 
653 ,140.3659 ,2.29750 ,-3.10290 ,-30.44568 
654 ,140.5741 ,2.29956 ,-3.09606 ,-30.37852 
655 ,140.7817 ,2.30163 ,-3.12686 ,-30.68072 
656 ,141.0055 ,2.30389 ,-3.11317 ,-30.54641 
657 ,141.2142 ,2.30591 ,-3.12344 ,-30.64715 
658 ,141.4541 ,2.30819 ,-3.13370 ,-30.74788 
659 ,141.6624 ,2.31042 ,-3.14739 ,-30.88219 
660 ,141.8862 ,2.31259 ,-3.15081 ,-30.91577 
661 ,142.0941 ,2.31472 ,-3.15766 ,-30.98293 
662 ,142.3185 ,2.31695 ,-3.16450 ,-31.05008 
663 ,142.5266 ,2.31903 ,-3.17135 ,-31.11724 
664 ,142.7347 ,2.32113 ,-3.17477 ,-31.15082 
665 ,142.9588 ,2.32333 ,-3.18161 ,-31.21798 
666 ,143.1668 ,2.32541 ,-3.19188 ,-31.31871 
667 ,143.3910 ,2.32772 ,-3.19188 ,-31.31871 
668 ,143.6312 ,2.32996 ,-3.20214 ,-31.41945 
669 ,143.8552 ,2.33234 ,-3.20557 ,-31.45302 
670 ,144.0794 ,2.33454 ,-3.23294 ,-31.72165 
671 ,144.3029 ,2.33680 ,-3.23637 ,-31.75523 
672 ,144.5115 ,2.33895 ,-3.23294 ,-31.72165 
673 ,144.7356 ,2.34116 ,-3.22610 ,-31.65449 
674 ,144.9596 ,2.34336 ,-3.25348 ,-31.92312 
675 ,145.1838 ,2.34560 ,-3.26032 ,-31.99028 
676 ,145.3918 ,2.34773 ,-3.24321 ,-31.82239 
677 ,145.6158 ,2.34999 ,-3.27401 ,-32.12459 
678 ,145.8238 ,2.35204 ,-3.27401 ,-32.12459 
679 ,146.0322 ,2.35408 ,-3.27059 ,-32.09101 
680 ,146.2560 ,2.35630 ,-3.27743 ,-32.15817 
681 ,146.4644 ,2.35844 ,-3.30139 ,-32.39322 
682 ,146.6724 ,2.36044 ,-3.27743 ,-32.15817 
683 ,146.8805 ,2.36254 ,-3.29797 ,-32.35964 
684 ,147.1046 ,2.36481 ,-3.29112 ,-32.29248 
685 ,147.3126 ,2.36694 ,-3.28770 ,-32.25890 
686 ,147.5209 ,2.36891 ,-3.30481 ,-32.42680 
687 ,147.7443 ,2.37121 ,-3.30139 ,-32.39322 
688 ,147.9528 ,2.37327 ,-3.29112 ,-32.29248 
689 ,148.1612 ,2.37542 ,-3.31165 ,-32.49395 
690 ,148.3529 ,2.37745 ,-3.28770 ,-32.25890 
691 ,148.5452 ,2.37930 ,-3.30139 ,-32.39322 
692 ,148.7533 ,2.38127 ,-3.29797 ,-32.35964 
693 ,148.9936 ,2.38354 ,-3.32192 ,-32.59469 
694 ,149.2173 ,2.38592 ,-3.32192 ,-32.59469 
695 ,149.4416 ,2.38819 ,-3.32192 ,-32.59469 
696 ,149.6496 ,2.39025 ,-3.30823 ,-32.46037 
697 ,149.8577 ,2.39233 ,-3.33219 ,-32.69542 
698 ,150.0818 ,2.39456 ,-3.33219 ,-32.69542 
699 ,150.3057 ,2.39681 ,-3.33219 ,-32.69542 
700 ,150.5141 ,2.39892 ,-3.33561 ,-32.72900 
701 ,150.7221 ,2.40105 ,-3.35614 ,-32.93047 
702 ,150.9461 ,2.40323 ,-3.34588 ,-32.82973 
703 ,151.2021 ,2.40564 ,-3.34245 ,-32.79616 
704 ,151.4265 ,2.40803 ,-3.35272 ,-32.89689 
705 ,151.6506 ,2.41023 ,-3.35956 ,-32.96405 
706 ,151.8749 ,2.41250 ,-3.36983 ,-33.06478 
707 ,152.0828 ,2.41459 ,-3.39379 ,-33.29983 
708 ,152.3224 ,2.41695 ,-3.38352 ,-33.19910 
709 ,152.5310 ,2.41903 ,-3.38010 ,-33.16552 
710 ,152.7548 ,2.42119 ,-3.41432 ,-33.50130 
711 ,152.9632 ,2.42342 ,-3.41090 ,-33.46772 
712 ,153.1870 ,2.42559 ,-3.40405 ,-33.40057 
713 ,153.3951 ,2.42769 ,-3.42116 ,-33.56846 
714 ,153.6194 ,2.42995 ,-3.43827 ,-33.73635 
715 ,153.8435 ,2.43218 ,-3.44512 ,-33.80351 
716 ,154.0675 ,2.43442 ,-3.42116 ,-33.56846 
717 ,154.2763 ,2.43648 ,-3.45196 ,-33.87066 
718 ,154.4995 ,2.43874 ,-3.46907 ,-34.03855 
719 ,154.7398 ,2.44100 ,-3.46223 ,-33.97140 
720 ,154.9479 ,2.44323 ,-3.45196 ,-33.87066 
721 ,155.1560 ,2.44527 ,-3.46565 ,-34.00498 
722 ,155.3640 ,2.44740 ,-3.47934 ,-34.13929 
723 ,155.5724 ,2.44954 ,-3.47250 ,-34.07213 
724 ,155.8123 ,2.45167 ,-3.52041 ,-34.54223 
725 ,156.0361 ,2.45410 ,-3.50672 ,-34.40792 
726 ,156.2443 ,2.45620 ,-3.50330 ,-34.37434 
727 ,156.4526 ,2.45827 ,-3.50672 ,-34.40792 
728 ,156.6602 ,2.46037 ,-3.53410 ,-34.67654 
729 ,156.8688 ,2.46241 ,-3.52041 ,-34.54223 
730 ,157.0928 ,2.46461 ,-3.52725 ,-34.60938 
731 ,157.3166 ,2.46688 ,-3.54778 ,-34.81085 
732 ,157.5251 ,2.46897 ,-3.55805 ,-34.91159 
733 ,157.7327 ,2.47118 ,-3.53067 ,-34.64296 
734 ,157.9412 ,2.47317 ,-3.57516 ,-35.07948 
735 ,158.1650 ,2.47538 ,-3.56489 ,-34.97875 
736 ,158.3735 ,2.47748 ,-3.56147 ,-34.94517 
737 ,158.5974 ,2.47968 ,-3.59227 ,-35.24737 
738 ,158.8211 ,2.48194 ,-3.59569 ,-35.28095 
739 ,159.0617 ,2.48421 ,-3.60254 ,-35.34811 
740 ,159.2856 ,2.48661 ,-3.58885 ,-35.21379 
741 ,159.4937 ,2.48865 ,-3.59569 ,-35.28095 
742 ,159.7175 ,2.49093 ,-3.62307 ,-35.54958 
743 ,159.9256 ,2.49292 ,-3.60596 ,-35.38169 
744 ,160.1502 ,2.49516 ,-3.60938 ,-35.41526 
745 ,160.3742 ,2.49746 ,-3.62307 ,-35.54958 
746 ,160.5823 ,2.49948 ,-3.63334 ,-35.65031 
747 ,160.7904 ,2.50157 ,-3.62992 ,-35.61673 
748 ,161.0302 ,2.50391 ,-3.65045 ,-35.81820 
749 ,161.2705 ,2.50634 ,-3.67098 ,-36.01967 
750 ,161.4945 ,2.50869 ,-3.66756 ,-35.98610 
751 ,161.7189 ,2.51086 ,-3.67783 ,-36.08683 
752 ,161.9429 ,2.51315 ,-3.68809 ,-36.18756 
753 ,162.1666 ,2.51541 ,-3.67098 ,-36.01967 
754 ,162.3909 ,2.51765 ,-3.68467 ,-36.15399 
755 ,162.6151 ,2.51987 ,-3.70863 ,-36.38903 
756 ,162.8232 ,2.52189 ,-3.70178 ,-36.32188 
757 ,163.0313 ,2.52406 ,-3.69151 ,-36.22114 
758 ,163.2394 ,2.52608 ,-3.72231 ,-36.52335 
759 ,163.4795 ,2.52851 ,-3.73600 ,-36.65766 
760 ,163.7036 ,2.53074 ,-3.72916 ,-36.59050 
761 ,163.8954 ,2.53279 ,-3.72574 ,-36.55693 
762 ,164.1038 ,2.53472 ,-3.74627 ,-36.75840 
763 ,164.3276 ,2.53696 ,-3.73600 ,-36.65766 
764 ,164.5358 ,2.53909 ,-3.77365 ,-37.02702 
765 ,164.7598 ,2.54126 ,-3.76680 ,-36.95987 
766 ,164.9840 ,2.54351 ,-3.74969 ,-36.79197 
767 ,165.1921 ,2.54556 ,-3.75996 ,-36.89271 
768 ,165.4002 ,2.54771 ,-3.76338 ,-36.92629 
769 ,165.5919 ,2.54976 ,-3.73600 ,-36.65766 
770 ,165.8004 ,2.55167 ,-3.76338 ,-36.92629 
771 ,165.9925 ,2.55377 ,-3.73258 ,-36.62408 
772 ,166.2164 ,2.55587 ,-3.77022 ,-36.99344 
773 ,166.4726 ,2.55842 ,-3.73943 ,-36.69124 
774 ,166.7125 ,2.56085 ,-3.73943 ,-36.69124 
775 ,166.9365 ,2.56302 ,-3.76680 ,-36.95987 
776 ,167.1450 ,2.56512 ,-3.76338 ,-36.92629 
777 ,167.3690 ,2.56738 ,-3.75996 ,-36.89271 
778 ,167.5772 ,2.56947 ,-3.79418 ,-37.22849 
779 ,167.7847 ,2.57154 ,-3.76680 ,-36.95987 
780 ,167.9774 ,2.57359 ,-3.79760 ,-37.26207 
781 ,168.2012 ,2.57565 ,-3.79076 ,-37.19491 
782 ,168.4094 ,2.57785 ,-3.80787 ,-37.36281 
783 ,168.6334 ,2.57996 ,-3.80445 ,-37.32923 
784 ,168.8573 ,2.58221 ,-3.82498 ,-37.53070 
785 ,169.0814 ,2.58452 ,-3.81129 ,-37.39638 
786 ,169.3214 ,2.58686 ,-3.82156 ,-37.49712 
787 ,169.5615 ,2.58933 ,-3.81813 ,-37.46354 
788 ,169.7855 ,2.59148 ,-3.81813 ,-37.46354 
789 ,169.9938 ,2.59363 ,-3.86262 ,-37.90006 
790 ,170.2342 ,2.59591 ,-3.86262 ,-37.90006 
791 ,170.4582 ,2.59825 ,-3.87631 ,-38.03437 
792 ,170.6825 ,2.60051 ,-3.85236 ,-37.79932 
793 ,170.9064 ,2.60270 ,-3.86262 ,-37.90006 
794 ,171.1142 ,2.60483 ,-3.88316 ,-38.10153 
795 ,171.3224 ,2.60700 ,-3.88658 ,-38.13511 
796 ,171.5309 ,2.60898 ,-3.89684 ,-38.23584 
797 ,171.7550 ,2.61118 ,-3.91396 ,-38.40373 
798 ,171.9793 ,2.61341 ,-3.90027 ,-38.26942 
799 ,172.2031 ,2.61558 ,-3.90711 ,-38.33658 
800 ,172.4271 ,2.61800 ,-3.91738 ,-38.43731 
801 ,172.6514 ,2.62022 ,-3.91396 ,-38.40373 
802 ,172.8752 ,2.62242 ,-3.92080 ,-38.47089 
803 ,173.1149 ,2.62477 ,-3.89342 ,-38.20226 
804 ,173.3230 ,2.62698 ,-3.89684 ,-38.23584 
805 ,173.5475 ,2.62915 ,-3.90369 ,-38.30300 
806 ,173.8038 ,2.63168 ,-3.90027 ,-38.26942 
807 ,174.0276 ,2.63399 ,-3.90711 ,-38.33658 
808 ,174.2520 ,2.63618 ,-3.91738 ,-38.43731 
809 ,174.4601 ,2.63831 ,-3.90711 ,-38.33658 
810 ,174.7000 ,2.64067 ,-3.91053 ,-38.37015 
811 ,174.9241 ,2.64291 ,-3.91396 ,-38.40373 
812 ,175.1323 ,2.64492 ,-3.95160 ,-38.77309 
813 ,175.3405 ,2.64707 ,-3.92764 ,-38.53805 
814 ,175.5646 ,2.64930 ,-3.93791 ,-38.63878 
815 ,175.7724 ,2.65147 ,-3.95160 ,-38.77309 
816 ,175.9809 ,2.65345 ,-3.92764 ,-38.53805 
817 ,176.2048 ,2.65567 ,-3.94476 ,-38.70594 
818 ,176.4126 ,2.65777 ,-3.98582 ,-39.10888 
819 ,176.6207 ,2.65988 ,-3.95844 ,-38.84025 
820 ,176.8126 ,2.66192 ,-3.98240 ,-39.07530 
821 ,177.0211 ,2.66387 ,-3.96529 ,-38.90741 
822 ,177.2774 ,2.66645 ,-3.99267 ,-39.17603 
823 ,177.5013 ,2.66865 ,-3.97898 ,-39.04172 
824 ,177.7095 ,2.67072 ,-4.01662 ,-39.41108 
825 ,177.9171 ,2.67285 ,-4.00293 ,-39.27677 
826 ,178.1415 ,2.67502 ,-4.00635 ,-39.31035 
827 ,178.3658 ,2.67733 ,-4.02346 ,-39.47824 
828 ,178.5897 ,2.67953 ,-4.04058 ,-39.64613 
829 ,178.7978 ,2.68161 ,-4.02346 ,-39.47824 
830 ,179.0055 ,2.68370 ,-4.03715 ,-39.61255 
831 ,179.2141 ,2.68582 ,-4.05084 ,-39.74686 
832 ,179.4379 ,2.68807 ,-4.03373 ,-39.57897 
833 ,179.6463 ,2.69008 ,-4.05769 ,-39.81402 
834 ,179.8705 ,2.69231 ,-4.07822 ,-40.01549 
835 ,180.0940 ,2.69457 ,-4.08164 ,-40.04907 
836 ,180.3026 ,2.69670 ,-4.06453 ,-39.88118 
837 ,180.5427 ,2.69894 ,-4.09875 ,-40.21696 
838 ,180.7504 ,2.70117 ,-4.10902 ,-40.31770 
839 ,180.9752 ,2.70337 ,-4.10217 ,-40.25054 
840 ,181.1826 ,2.70554 ,-4.08506 ,-40.08265 
841 ,181.4229 ,2.70772 ,-4.12271 ,-40.45201 
842 ,181.6471 ,2.71005 ,-4.12613 ,-40.48559 
843 ,181.8553 ,2.71218 ,-4.11929 ,-40.41843 
844 ,182.0794 ,2.71439 ,-4.12271 ,-40.45201 
845 ,182.2872 ,2.71649 ,-4.13982 ,-40.61990 
846 ,182.5113 ,2.71875 ,-4.12271 ,-40.45201 
847 ,182.7196 ,2.72088 ,-4.13982 ,-40.61990 
848 ,182.9593 ,2.72308 ,-4.16035 ,-40.82137 
849 ,183.1678 ,2.72529 ,-4.17404 ,-40.95568 
850 ,183.3919 ,2.72752 ,-4.17062 ,-40.92211 
851 ,183.6159 ,2.72977 ,-4.15693 ,-40.78779 
852 ,183.8399 ,2.73198 ,-4.17746 ,-40.98926 
853 ,184.0479 ,2.73410 ,-4.20142 ,-41.22431 
854 ,184.2720 ,2.73633 ,-4.18431 ,-41.05642 
855 ,184.4641 ,2.73834 ,-4.19115 ,-41.12358 
856 ,184.6724 ,2.74029 ,-4.19115 ,-41.12358 
857 ,184.8805 ,2.74241 ,-4.21853 ,-41.39220 
858 ,185.0886 ,2.74452 ,-4.22195 ,-41.42578 
859 ,185.3128 ,2.74672 ,-4.21511 ,-41.35862 
860 ,185.5207 ,2.74886 ,-4.22195 ,-41.42578 
861 ,185.7444 ,2.75102 ,-4.23222 ,-41.52651 
862 ,185.9528 ,2.75310 ,-4.23222 ,-41.52651 
863 ,186.1774 ,2.75539 ,-4.23222 ,-41.52651 
864 ,186.3851 ,2.75743 ,-4.25275 ,-41.72798 
865 ,186.6092 ,2.75974 ,-4.25959 ,-41.79514 
866 ,186.8169 ,2.76178 ,-4.24248 ,-41.62725 
867 ,187.0414 ,2.76402 ,-4.26302 ,-41.82872 
868 ,187.2494 ,2.76611 ,-4.26302 ,-41.82872 
869 ,187.4733 ,2.76834 ,-4.23906 ,-41.59367 
870 ,187.6817 ,2.77039 ,-4.26644 ,-41.86230 
871 ,187.8894 ,2.77258 ,-4.27328 ,-41.92945 
872 ,188.1459 ,2.77487 ,-4.25617 ,-41.76156 
873 ,188.3700 ,2.77734 ,-4.26986 ,-41.89588 
874 ,188.5781 ,2.77933 ,-4.25617 ,-41.76156 
875 ,188.8023 ,2.78159 ,-4.26644 ,-41.86230 
876 ,189.0259 ,2.78382 ,-4.25275 ,-41.72798 
877 ,189.2504 ,2.78613 ,-4.22879 ,-41.49294 
878 ,189.4751 ,2.78832 ,-4.22537 ,-41.45936 
879 ,189.6826 ,2.79043 ,-4.25617 ,-41.76156 
880 ,189.8906 ,2.79247 ,-4.22879 ,-41.49294 
881 ,190.0989 ,2.79463 ,-4.23564 ,-41.56009 
882 ,190.3387 ,2.79686 ,-4.24248 ,-41.62725 
883 ,190.5629 ,2.79925 ,-4.24933 ,-41.69441 
884 ,190.7710 ,2.80128 ,-4.23222 ,-41.52651 
885 ,190.9790 ,2.80342 ,-4.25617 ,-41.76156 
886 ,191.1874 ,2.80546 ,-4.25959 ,-41.79514 
887 ,191.3951 ,2.80768 ,-4.24248 ,-41.62725 
888 ,191.5874 ,2.80951 ,-4.27671 ,-41.96303 
889 ,191.7954 ,2.81170 ,-4.26986 ,-41.89588 
890 ,191.9875 ,2.81351 ,-4.28697 ,-42.06377 
891 ,192.2117 ,2.81571 ,-4.27328 ,-41.92945 
892 ,192.4192 ,2.81783 ,-4.31093 ,-42.29882 
893 ,192.6279 ,2.81990 ,-4.30066 ,-42.19808 
894 ,192.8519 ,2.82213 ,-4.29724 ,-42.16450 
895 ,193.0760 ,2.82432 ,-4.30408 ,-42.23166 
896 ,193.2999 ,2.82655 ,-4.31435 ,-42.33239 
897 ,193.5238 ,2.82881 ,-4.32462 ,-42.43313 
898 ,193.7323 ,2.83097 ,-4.31435 ,-42.33239 
899 ,193.9563 ,2.83314 ,-4.34173 ,-42.60102 
900 ,194.1642 ,2.83522 ,-4.35542 ,-42.73533 
901 ,194.3726 ,2.83725 ,-4.34173 ,-42.60102 
902 ,194.5962 ,2.83949 ,-4.37937 ,-42.97038 
903 ,194.8206 ,2.84169 ,-4.35884 ,-42.76891 
904 ,195.0447 ,2.84398 ,-4.36910 ,-42.86965 
905 ,195.2530 ,2.84611 ,-4.37595 ,-42.93680 
906 ,195.4610 ,2.84817 ,-4.39648 ,-43.13827 
907 ,195.6850 ,2.85037 ,-4.39306 ,-43.10469 
908 ,195.8929 ,2.85250 ,-4.38621 ,-43.03754 
909 ,196.1013 ,2.85459 ,-4.41701 ,-43.33974 
910 ,196.3094 ,2.85663 ,-4.39306 ,-43.10469 
911 ,196.5334 ,2.85885 ,-4.40675 ,-43.23901 
912 ,196.7254 ,2.86082 ,-4.41359 ,-43.30616 
913 ,196.9334 ,2.86284 ,-4.41359 ,-43.30616 
914 ,197.1256 ,2.86481 ,-4.41701 ,-43.33974 
915 ,197.3339 ,2.86694 ,-4.42386 ,-43.40690 
916 ,197.5577 ,2.86911 ,-4.45808 ,-43.74268 
917 ,197.7660 ,2.87124 ,-4.43755 ,-43.54121 
918 ,197.9737 ,2.87341 ,-4.43413 ,-43.50763 
919 ,198.1982 ,2.87555 ,-4.46150 ,-43.77626 
920 ,198.4222 ,2.87778 ,-4.46150 ,-43.77626 
921 ,198.6300 ,2.87990 ,-4.45808 ,-43.74268 
922 ,198.8381 ,2.88192 ,-4.48888 ,-44.04489 
923 ,199.0462 ,2.88398 ,-4.46835 ,-43.84342 
924 ,199.2707 ,2.88627 ,-4.47177 ,-43.87700 
925 ,199.4944 ,2.88848 ,-4.48888 ,-44.04489 
926 ,199.7029 ,2.89055 ,-4.50599 ,-44.21278 
927 ,199.9269 ,2.89284 ,-4.49572 ,-44.11204 
928 ,200.1351 ,2.89492 ,-4.50941 ,-44.24636 
929 ,200.3752 ,2.89727 ,-4.54021 ,-44.54856 
930 ,200.5993 ,2.89959 ,-4.54363 ,-44.58214 
931 ,200.8393 ,2.90189 ,-4.54021 ,-44.54856 
932 ,201.0634 ,2.90417 ,-4.55048 ,-44.64930 
933 ,201.2715 ,2.90629 ,-4.52652 ,-44.41425 
934 ,201.4796 ,2.90836 ,-4.55732 ,-44.71645 
935 ,201.6877 ,2.91049 ,-4.53337 ,-44.48141 
936 ,201.8955 ,2.91246 ,-4.55048 ,-44.64930 
937 ,202.1038 ,2.91454 ,-4.51626 ,-44.31351 
938 ,202.3278 ,2.91679 ,-4.50941 ,-44.24636 
939 ,202.5518 ,2.91902 ,-4.50599 ,-44.21278 
940 ,202.7599 ,2.92110 ,-4.51283 ,-44.27994 
941 ,202.9680 ,2.92319 ,-4.48546 ,-44.01131 
942 ,203.1762 ,2.92529 ,-4.49915 ,-44.14562 
943 ,203.4003 ,2.92753 ,-4.49572 ,-44.11204 
944 ,203.5918 ,2.92954 ,-4.46492 ,-43.80984 
945 ,203.7841 ,2.93148 ,-4.48546 ,-44.01131 
946 ,203.9923 ,2.93340 ,-4.48204 ,-43.97773 
947 ,204.2006 ,2.93553 ,-4.47519 ,-43.91057 
948 ,204.4087 ,2.93766 ,-4.44439 ,-43.60837 
949 ,204.6325 ,2.93980 ,-4.46835 ,-43.84342 
950 ,204.8408 ,2.94202 ,-4.47519 ,-43.91057 
951 ,205.0650 ,2.94416 ,-4.47519 ,-43.91057 
952 ,205.2726 ,2.94629 ,-4.48204 ,-43.97773 
953 ,205.4812 ,2.94829 ,-4.49915 ,-44.14562 
954 ,205.6569 ,2.95024 ,-4.49230 ,-44.07847 
955 ,205.8653 ,2.95221 ,-4.49572 ,-44.11204 
956 ,206.0574 ,2.95413 ,-4.52310 ,-44.38067 
957 ,206.2815 ,2.95638 ,-4.52652 ,-44.41425 
958 ,206.5051 ,2.95859 ,-4.50941 ,-44.24636 
959 ,206.7296 ,2.96075 ,-4.52995 ,-44.44783 
960 ,206.9536 ,2.96296 ,-4.55390 ,-44.68288 
961 ,207.1617 ,2.96515 ,-4.53679 ,-44.51498 
962 ,207.3538 ,2.96709 ,-4.55390 ,-44.68288 
963 ,207.5777 ,2.96926 ,-4.56075 ,-44.75003 
964 ,207.8021 ,2.97148 ,-4.56417 ,-44.78361 
965 ,208.0258 ,2.97379 ,-4.56417 ,-44.78361 
966 ,208.2343 ,2.97585 ,-4.58128 ,-44.95150 
967 ,208.4423 ,2.97799 ,-4.57786 ,-44.91792 
968 ,208.6504 ,2.98000 ,-4.57786 ,-44.91792 
969 ,208.8750 ,2.98223 ,-4.60523 ,-45.18655 
970 ,209.0823 ,2.98432 ,-4.58812 ,-45.01866 
971 ,209.3067 ,2.98658 ,-4.58812 ,-45.01866 
972 ,209.5145 ,2.98866 ,-4.62577 ,-45.38802 
973 ,209.7228 ,2.99073 ,-4.60866 ,-45.22013 
974 ,209.8986 ,2.99264 ,-4.62919 ,-45.42160 
975 ,210.1231 ,2.99469 ,-4.62234 ,-45.35444 
976 ,210.3310 ,2.99682 ,-4.62577 ,-45.38802 
977 ,210.5232 ,2.99882 ,-4.64288 ,-45.55591 
978 ,210.6993 ,3.00067 ,-4.64288 ,-45.55591 
979 ,210.9074 ,3.00255 ,-4.63603 ,-45.48875 
980 ,211.1314 ,3.00482 ,-4.65999 ,-45.72380 
981 ,211.3391 ,3.00688 ,-4.67710 ,-45.89169 
982 ,211.5477 ,3.00901 ,-4.65657 ,-45.69022 
983 ,211.7719 ,3.01122 ,-4.68394 ,-45.95885 
984 ,211.9956 ,3.01347 ,-4.69763 ,-46.09316 
985 ,212.2038 ,3.01560 ,-4.68737 ,-45.99243 
986 ,212.4121 ,3.01759 ,-4.69763 ,-46.09316 
987 ,212.6360 ,3.01990 ,-4.70105 ,-46.12674 
988 ,212.8602 ,3.02213 ,-4.70790 ,-46.19390 
989 ,213.0682 ,3.02418 ,-4.69421 ,-46.05959 
990 ,213.2765 ,3.02621 ,-4.73185 ,-46.42895 
991 ,213.5163 ,3.02864 ,-4.73870 ,-46.49610 
992 ,213.7243 ,3.03077 ,-4.71816 ,-46.29463 
993 ,213.9484 ,3.03297 ,-4.73185 ,-46.42895 
994 ,214.1566 ,3.03505 ,-4.75239 ,-46.63042 
995 ,214.3809 ,3.03728 ,-4.73870 ,-46.49610 
996 ,214.6049 ,3.03953 ,-4.72501 ,-46.36179 
997 ,214.8128 ,3.04164 ,-4.74554 ,-46.56326 
998 ,215.0211 ,3.04373 ,-4.73185 ,-46.42895 
999 ,215.2290 ,3.04575 ,-4.69763 ,-46.09316 
1000 ,215.4370 ,3.04782 ,-4.71474 ,-46.26106 
1001 ,215.6453 ,3.04995 ,-4.67025 ,-45.82454 
1002 ,215.8690 ,3.05218 ,-4.65657 ,-45.69022 
1003 ,216.0774 ,3.05425 ,-4.64288 ,-45.55591 
1004 ,216.2856 ,3.05639 ,-4.60181 ,-45.15297 
1005 ,216.5092 ,3.05852 ,-4.56759 ,-44.81719 
1006 ,216.7018 ,3.06059 ,-4.49915 ,-44.14562 
1007 ,216.8938 ,3.06250 ,-4.34515 ,-42.63460 
1008 ,217.1337 ,3.06469 ,0.64095 ,6.28899 
1009 ,217.3421 ,3.06693 ,0.64437 ,6.32256 
1010 ,217.5501 ,3.06900 ,0.64095 ,6.28899 
1011 ,217.7583 ,3.07106 ,0.64437 ,6.32256 
1012 ,217.9823 ,3.07329 ,0.65806 ,6.45688 
1013 ,218.1903 ,3.07543 ,0.63410 ,6.22183 
1014 ,218.4146 ,3.07767 ,0.62726 ,6.15467 
1015 ,218.6225 ,3.07970 ,0.66490 ,6.52403 
1016 ,218.8465 ,3.08191 ,0.63753 ,6.25541 
1017 ,219.0548 ,3.08400 ,0.62384 ,6.12109 
1018 ,219.2628 ,3.08621 ,0.64437 ,6.32256 
1019 ,219.4712 ,3.08818 ,0.64095 ,6.28899 
1020 ,219.6630 ,3.09018 ,0.64095 ,6.28899 
1021 ,219.8712 ,3.09219 ,0.64095 ,6.28899 
1022 ,220.0794 ,3.09422 ,0.65464 ,6.42330 
1023 ,220.3030 ,3.09648 ,0.67517 ,6.62477 
1024 ,220.5115 ,3.09863 ,0.64437 ,6.32256 
1025 ,220.7193 ,3.10072 ,0.65464 ,6.42330 
1026 ,220.9436 ,3.10289 ,0.65121 ,6.38972 
1027 ,221.1517 ,3.10499 ,0.65121 ,6.38972 
1028 ,221.3596 ,3.10706 ,0.65806 ,6.45688 
1029 ,221.5839 ,3.10935 ,0.65464 ,6.42330 
1030 ,221.7920 ,3.11142 ,0.63753 ,6.25541 
1031 ,222.0001 ,3.11351 ,0.66148 ,6.49046 
1032 ,222.2240 ,3.11573 ,0.66148 ,6.49046 
1033 ,222.4323 ,3.11783 ,0.63410 ,6.22183 
1034 ,222.6561 ,3.11997 ,0.65464 ,6.42330 
1035 ,222.8804 ,3.12229 ,0.66490 ,6.52403 
1036 ,223.1045 ,3.12446 ,0.66148 ,6.49046 
1037 ,223.3286 ,3.12681 ,0.64779 ,6.35614 
1038 ,223.5361 ,3.12879 ,0.64779 ,6.35614 
1039 ,223.7447 ,3.13089 ,0.64095 ,6.28899 
1040 ,223.9368 ,3.13287 ,0.63753 ,6.25541 
1041 ,224.1609 ,3.13506 ,0.65806 ,6.45688 
1042 ,224.3691 ,3.13721 ,0.63410 ,6.22183 
1043 ,224.5932 ,3.13934 ,0.63068 ,6.18825 
1044 ,224.8007 ,3.14159 ,0.64095 ,6.28899 
1045 ,225.0091 ,3.14355 ,0.63068 ,6.18825 
1046 ,225.2173 ,3.14561 ,0.65464 ,6.42330 
1047 ,225.4254 ,3.14781 ,0.66148 ,6.49046 
1048 ,225.6174 ,3.14973 ,0.64095 ,6.28899 
1049 ,225.8254 ,3.15166 ,0.66148 ,6.49046 
1050 ,226.0818 ,3.15425 ,0.66148 ,6.49046 
1051 ,226.3057 ,3.15647 ,0.65806 ,6.45688 
1052 ,226.5300 ,3.15870 ,0.64779 ,6.35614 
1053 ,226.7540 ,3.16099 ,0.64095 ,6.28899 
1054 ,226.9456 ,3.16303 ,0.66490 ,6.52403 
1055 ,227.1699 ,3.16516 ,0.63753 ,6.25541 
1056 ,227.3618 ,3.16720 ,0.64437 ,6.32256 
1057 ,227.5701 ,3.16918 ,0.64437 ,6.32256 
1058 ,227.7941 ,3.17123 ,0.65806 ,6.45688 
1059 ,228.0021 ,3.17349 ,0.67175 ,6.59119 
1060 ,228.2100 ,3.17556 ,0.64095 ,6.28899 
1061 ,228.4182 ,3.17766 ,0.65121 ,6.38972 
1062 ,228.6263 ,3.17969 ,0.64779 ,6.35614 
1063 ,228.8345 ,3.18179 ,0.63410 ,6.22183 
1064 ,229.0425 ,3.18386 ,0.65806 ,6.45688 
1065 ,229.2506 ,3.18598 ,0.64779 ,6.35614 
1066 ,229.4587 ,3.18802 ,0.66490 ,6.52403 
1067 ,229.6507 ,3.19008 ,0.64779 ,6.35614 
1068 ,229.8427 ,3.19199 ,0.63753 ,6.25541 
1069 ,230.0509 ,3.19396 ,0.64095 ,6.28899 
1070 ,230.2430 ,3.19600 ,0.65464 ,6.42330 
1071 ,230.4669 ,3.19811 ,0.64437 ,6.32256 
1072 ,230.6752 ,3.20020 ,0.64095 ,6.28899 
1073 ,230.8833 ,3.20229 ,0.65806 ,6.45688 
1074 ,231.0913 ,3.20432 ,0.63753 ,6.25541 
1075 ,231.2995 ,3.20642 ,0.65121 ,6.38972 
1076 ,231.5076 ,3.20847 ,0.65121 ,6.38972 
1077 ,231.6996 ,3.21059 ,0.64779 ,6.35614 
1078 ,231.9077 ,3.21250 ,0.65121 ,6.38972 
1079 ,232.1323 ,3.21465 ,0.64437 ,6.32256 
1080 ,232.3559 ,3.21691 ,0.65121 ,6.38972 
1081 ,232.5640 ,3.21906 ,0.65464 ,6.42330 
1082 ,232.7724 ,3.22117 ,0.63753 ,6.25541 
1083 ,232.9966 ,3.22337 ,0.64437 ,6.32256 
1084 ,233.2047 ,3.22545 ,0.65806 ,6.45688 
1085 ,233.4283 ,3.22773 ,0.64437 ,6.32256 
1086 ,233.6523 ,3.22991 ,0.63410 ,6.22183 
1087 ,233.8925 ,3.23229 ,0.64095 ,6.28899 
1088 ,234.1651 ,3.23507 ,0.65121 ,6.38972 
1089 ,234.3892 ,3.23730 ,0.65121 ,6.38972 
1090 ,234.5969 ,3.23937 ,0.64779 ,6.35614 
1091 ,234.8050 ,3.24144 ,0.65121 ,6.38972 
1092 ,235.0135 ,3.24363 ,0.63410 ,6.22183 
1093 ,235.2376 ,3.24574 ,0.65806 ,6.45688 
1094 ,235.4456 ,3.24789 ,0.66148 ,6.49046 
1095 ,235.6537 ,3.24988 ,0.64437 ,6.32256 
1096 ,235.8614 ,3.25200 ,0.66148 ,6.49046 
1097 ,236.0859 ,3.25423 ,0.64779 ,6.35614 
1098 ,236.2936 ,3.25644 ,0.63410 ,6.22183 
1099 ,236.5020 ,3.25841 ,0.66148 ,6.49046 
1100 ,236.7258 ,3.26061 ,0.64779 ,6.35614 
1101 ,236.9341 ,3.26267 ,0.64437 ,6.32256 
1102 ,237.1583 ,3.26491 ,0.66833 ,6.55761 
1103 ,237.3824 ,3.26726 ,0.66490 ,6.52403 
1104 ,237.5903 ,3.26927 ,0.64779 ,6.35614 
1105 ,237.7987 ,3.27141 ,0.65464 ,6.42330 
1106 ,238.0226 ,3.27364 ,0.66833 ,6.55761 
1107 ,238.2306 ,3.27570 ,0.63410 ,6.22183 
1108 ,238.4388 ,3.27778 ,0.66490 ,6.52403 
1109 ,238.6467 ,3.27984 ,0.65121 ,6.38972 
1110 ,238.8710 ,3.28199 ,0.64095 ,6.28899 
1111 ,239.0952 ,3.28434 ,0.65121 ,6.38972 
1112 ,239.3033 ,3.28644 ,0.66490 ,6.52403 
1113 ,239.5112 ,3.28846 ,0.62384 ,6.12109 
1114 ,239.7195 ,3.29062 ,0.66490 ,6.52403 
1115 ,239.9436 ,3.29281 ,0.65121 ,6.38972 
1116 ,240.1516 ,3.29491 ,0.64779 ,6.35614 
1117 ,240.3433 ,3.29695 ,0.66833 ,6.55761 
1118 ,240.5519 ,3.29890 ,0.63753 ,6.25541 
1119 ,240.7598 ,3.30110 ,0.65121 ,6.38972 
1120 ,240.9679 ,3.30310 ,0.64095 ,6.28899 
1121 ,241.1759 ,3.30510 ,0.66148 ,6.49046 
1122 ,241.3841 ,3.30718 ,0.64437 ,6.32256 
1123 ,241.6081 ,3.30945 ,0.62384 ,6.12109 
1124 ,241.8161 ,3.31158 ,0.66148 ,6.49046 
1125 ,242.0405 ,3.31380 ,0.66833 ,6.55761 
1126 ,242.2486 ,3.31585 ,0.63068 ,6.18825 
1127 ,242.4884 ,3.31817 ,0.65121 ,6.38972 
1128 ,242.7125 ,3.32053 ,0.65121 ,6.38972 
1129 ,242.9367 ,3.32272 ,0.66490 ,6.52403 
1130 ,243.1609 ,3.32499 ,0.66490 ,6.52403 
1131 ,243.3851 ,3.32721 ,0.64437 ,6.32256 
1132 ,243.5931 ,3.32938 ,0.64437 ,6.32256 
1133 ,243.8171 ,3.33159 ,0.65806 ,6.45688 
1134 ,244.0253 ,3.33366 ,0.65464 ,6.42330 
1135 ,244.2491 ,3.33586 ,0.64437 ,6.32256 
1136 ,244.4572 ,3.33796 ,0.65806 ,6.45688 
1137 ,244.6815 ,3.34015 ,0.65121 ,6.38972 
1138 ,244.8735 ,3.34220 ,0.63410 ,6.22183 
1139 ,245.0818 ,3.34416 ,0.65806 ,6.45688 
1140 ,245.3058 ,3.34642 ,0.63753 ,6.25541 
1141 ,245.5138 ,3.34859 ,0.65806 ,6.45688 
1142 ,245.7059 ,3.35060 ,0.67175 ,6.59119 
1143 ,245.9136 ,3.35255 ,0.65464 ,6.42330 
1144 ,246.1221 ,3.35464 ,0.66148 ,6.49046 
1145 ,246.3460 ,3.35681 ,0.64779 ,6.35614 
1146 ,246.5704 ,3.35908 ,0.63753 ,6.25541 
1147 ,246.7623 ,3.36109 ,0.65121 ,6.38972 
1148 ,246.9703 ,3.36303 ,0.65121 ,6.38972 
1149 ,247.2106 ,3.36534 ,0.65121 ,6.38972 
1150 ,247.4347 ,3.36768 ,0.66833 ,6.55761 
1151 ,247.6429 ,3.36980 ,0.65121 ,6.38972 
1152 ,247.8667 ,3.37201 ,0.64437 ,6.32256 
1153 ,248.0908 ,3.37429 ,0.64779 ,6.35614 
1154 ,248.3151 ,3.37655 ,0.66490 ,6.52403 
1155 ,248.5391 ,3.37875 ,0.66148 ,6.49046 
1156 ,248.7472 ,3.38079 ,0.63753 ,6.25541 
1157 ,248.9553 ,3.38303 ,0.64437 ,6.32256 
1158 ,249.1794 ,3.38509 ,0.65464 ,6.42330 
1159 ,249.4035 ,3.38748 ,0.64095 ,6.28899 
1160 ,249.6112 ,3.38943 ,0.64779 ,6.35614 
1161 ,249.8196 ,3.39159 ,0.65464 ,6.42330 
1162 ,250.0434 ,3.39377 ,0.64437 ,6.32256 
1163 ,250.2519 ,3.39589 ,0.63753 ,6.25541 
1164 ,250.4760 ,3.39810 ,0.65806 ,6.45688 
1165 ,250.6999 ,3.40048 ,0.66490 ,6.52403 
1166 ,250.9080 ,3.40240 ,0.63410 ,6.22183 
1167 ,251.1163 ,3.40457 ,0.66148 ,6.49046 
1168 ,251.3242 ,3.40669 ,0.66148 ,6.49046 
1169 ,251.5319 ,3.40864 ,0.65121 ,6.38972 
1170 ,251.7404 ,3.41070 ,0.65464 ,6.42330 
1171 ,251.9644 ,3.41297 ,0.62726 ,6.15467 
1172 ,252.1730 ,3.41508 ,0.65121 ,6.38972 
1173 ,252.3966 ,3.41733 ,0.66148 ,6.49046 
1174 ,252.6045 ,3.41941 ,0.63068 ,6.18825 
1175 ,252.8130 ,3.42153 ,0.66833 ,6.55761 
1176 ,253.0210 ,3.42361 ,0.66148 ,6.49046 
1177 ,253.2292 ,3.42561 ,0.63410 ,6.22183 
1178 ,253.4532 ,3.42782 ,0.66490 ,6.52403 
1179 ,253.6611 ,3.42995 ,0.64437 ,6.32256 
1180 ,253.8851 ,3.43212 ,0.63753 ,6.25541 
1181 ,254.1095 ,3.43440 ,0.65121 ,6.38972 
1182 ,254.3178 ,3.43654 ,0.64095 ,6.28899 
1183 ,254.5417 ,3.43878 ,0.65121 ,6.38972 
1184 ,254.7497 ,3.44082 ,0.64779 ,6.35614 
1185 ,254.9899 ,3.44323 ,0.65121 ,6.38972 
1186 ,255.2140 ,3.44550 ,0.66148 ,6.49046 
1187 ,255.4380 ,3.44770 ,0.65464 ,6.42330 
1188 ,255.6461 ,3.44979 ,0.64437 ,6.32256 
1189 ,255.8540 ,3.45186 ,0.65806 ,6.45688 
1190 ,256.0622 ,3.45394 ,0.65464 ,6.42330 
1191 ,256.2862 ,3.45617 ,0.65464 ,6.42330 
1192 ,256.4943 ,3.45824 ,0.66148 ,6.49046 
1193 ,256.7024 ,3.46037 ,0.64437 ,6.32256 
1194 ,256.9267 ,3.46256 ,0.64095 ,6.28899 
1195 ,257.1506 ,3.46483 ,0.67517 ,6.62477 
1196 ,257.3589 ,3.46687 ,0.66148 ,6.49046 
1197 ,257.5669 ,3.46901 ,0.64437 ,6.32256 
1198 ,257.7749 ,3.47104 ,0.66148 ,6.49046 
1199 ,257.9992 ,3.47325 ,0.64779 ,6.35614 
1200 ,258.2231 ,3.47551 ,0.64437 ,6.32256 
1201 ,258.4314 ,3.47763 ,0.66490 ,6.52403 
1202 ,258.6550 ,3.47989 ,0.64095 ,6.28899 
1203 ,258.8632 ,3.48197 ,0.64095 ,6.28899 
1204 ,259.0712 ,3.48400 ,0.66148 ,6.49046 
1205 ,259.2793 ,3.48614 ,0.64095 ,6.28899 
1206 ,259.4878 ,3.48821 ,0.64095 ,6.28899 
1207 ,259.7116 ,3.49042 ,0.65121 ,6.38972 
1208 ,259.9200 ,3.49254 ,0.63068 ,6.18825 
1209 ,260.1442 ,3.49477 ,0.64437 ,6.32256 
1210 ,260.3518 ,3.49678 ,0.65121 ,6.38972 
1211 ,260.5604 ,3.49827 ,0.64437 ,6.32256 
1212 ,260.7844 ,3.49933 ,0.64779 ,6.35614 
1213 ,260.9926 ,3.49987 ,0.66833 ,6.55761 
1214 ,261.2163 ,3.50000 ,0.64437 ,6.32256 
