Point No.,Normal Force [N],Gap [mm],Time [s]
1,9.381707,21.8149,1639
2,9.380272,21.8149,1639
3,9.380295,21.8149,1639
4,9.375904,21.8149,1639
5,9.367920,21.8149,1639
6,9.363400,21.8155,1639
7,9.367929,21.8155,1639
8,9.341705,21.8155,1639
9,9.301046,21.8155,1639
10,9.264774,21.8173,1639
11,9.121565,21.8173,1639
12,9.027575,21.8210,1639
13,8.900159,21.8209,1639
14,8.759248,21.8252,1639
15,8.619243,21.8251,1639
16,8.375933,21.8306,1639
17,8.311719,21.8305,1639
18,8.095495,21.8354,1639
19,8.027670,21.8354,1639
20,7.801178,21.8402,1639
21,7.756377,21.8402,1639
22,7.545701,21.8445,1639
23,7.506159,21.8444,1639
24,7.265743,21.8499,1639
25,7.244957,21.8499,1639
26,7.032106,21.8541,1639
27,7.007777,21.8541,1639
28,6.796419,21.8590,1639
29,6.778485,21.8590,1639
30,6.613070,21.8639,1639
31,6.577415,21.8639,1639
32,6.410816,21.8694,1639
33,6.393028,21.8694,1639
34,6.224486,21.8737,1639
35,6.229152,21.8737,1639
36,6.080876,21.8792,1639
37,6.061843,21.8792,1639
38,5.902773,21.8835,1639
39,5.911860,21.8835,1639
40,5.761338,21.8890,1639
41,5.761618,21.8890,1639
42,5.611678,21.8933,1639
43,5.616049,21.8933,1639
44,5.459173,21.8982,1639
45,5.461614,21.8982,1639
46,5.295815,21.9031,1639
47,5.299715,21.9031,1639
48,5.139280,21.9080,1639
49,5.172388,21.9081,1639
50,5.036157,21.9130,1639
51,5.087965,21.9130,1639
52,4.952781,21.9179,1639
53,4.984120,21.9179,1639
54,4.830204,21.9228,1639
55,4.892098,21.9229,1639
56,4.751004,21.9284,1639
57,4.807482,21.9285,1639
58,4.646341,21.9327,1639
59,4.695428,21.9328,1639
60,4.544223,21.9377,1639
61,4.588090,21.9377,1639
62,4.431387,21.9426,1639
63,4.484972,21.9426,1639
64,4.331738,21.9476,1639
65,4.404803,21.9476,1639
66,4.234731,21.9525,1639
67,4.296676,21.9525,1639
68,4.158055,21.9575,1639
69,4.223554,21.9575,1639
70,4.079570,21.9624,1639
71,4.147959,21.9624,1639
72,4.010204,21.9680,1639
73,4.075531,21.9680,1639
74,3.928193,21.9723,1639
75,4.011261,21.9724,1639
76,3.893940,21.9773,1639
77,4.000417,21.9774,1639
78,3.877134,21.9823,1639
79,3.966023,21.9823,1639
80,3.833098,21.9873,1639
81,3.924976,21.9873,1639
82,3.761193,21.9922,1639
83,3.833804,21.9923,1639
84,3.698205,21.9972,1639
85,3.781843,21.9972,1639
86,3.653201,22.0015,1639
87,3.735782,22.0016,1639
88,3.593126,22.0071,1639
89,3.696778,22.0072,1639
90,3.552270,22.0121,1639
91,3.638041,22.0121,1639
92,3.516096,22.0171,1639
93,3.617568,22.0171,1639
94,3.492911,22.0221,1639
95,3.610405,22.0221,1639
96,3.490101,22.0271,1639
97,3.610194,22.0271,1639
98,3.474880,22.0321,1639
99,3.572785,22.0321,1639
100,3.457499,22.0370,1639
101,3.562773,22.0371,1639
102,3.437171,22.0414,1639
103,3.532495,22.0415,1639
104,3.407926,22.0470,1639
105,3.527323,22.0471,1639
106,3.382820,22.0520,1639
107,3.485776,22.0521,1639
108,3.376680,22.0570,1639
109,3.480375,22.0571,1639
110,3.356194,22.0620,1639
111,3.472046,22.0620,1639
112,3.345429,22.0670,1639
113,3.460912,22.0670,1639
114,3.315782,22.0720,1639
115,3.418929,22.0720,1639
116,3.302535,22.0769,1639
117,3.388642,22.0770,1639
118,3.267042,22.0813,1639
119,3.367122,22.0814,1639
120,3.242352,22.0869,1639
121,3.369020,22.0870,1639
122,3.219706,22.0919,1639
123,3.322862,22.0920,1639
124,3.200580,22.0969,1639
125,3.298653,22.0969,1639
126,3.174885,22.1012,1639
127,3.271845,22.1013,1639
128,3.145303,22.1069,1639
129,3.257625,22.1069,1639
130,3.112336,22.1118,1639
131,3.211040,22.1119,1639
132,3.093093,22.1168,1639
133,3.195446,22.1169,1639
134,3.066593,22.1212,1639
135,3.158317,22.1212,1639
136,3.041974,22.1268,1639
137,3.149830,22.1269,1639
138,3.012934,22.1318,1639
139,3.105640,22.1318,1639
140,2.987024,22.1368,1639
141,3.083980,22.1368,1639
142,2.954421,22.1411,1639
143,3.042563,22.1412,1639
144,2.921165,22.1467,1639
145,3.027800,22.1468,1639
146,2.886089,22.1517,1639
147,2.981838,22.1518,1639
148,2.859930,22.1567,1639
149,2.954333,22.1567,1639
150,2.828571,22.1610,1639
151,2.913547,22.1611,1639
152,2.793201,22.1666,1639
153,2.903208,22.1667,1639
154,2.758041,22.1716,1639
155,2.856236,22.1717,1639
156,2.736732,22.1766,1639
157,2.834940,22.1767,1639
158,2.708085,22.1810,1639
159,2.788918,22.1810,1639
160,2.673510,22.1866,1639
161,2.783269,22.1866,1639
162,2.641726,22.1909,1639
163,2.740220,22.1910,1639
164,2.622268,22.1965,1639
165,2.712237,22.1966,1639
166,2.588067,22.2015,1639
167,2.672898,22.2016,1639
168,2.554328,22.2065,1639
169,2.662745,22.2066,1639
170,2.530816,22.2115,1639
171,2.626706,22.2115,1639
172,2.514211,22.2165,1639
173,2.609236,22.2165,1639
174,2.480341,22.2208,1639
175,2.563690,22.2209,1639
176,2.446781,22.2264,1639
177,2.551256,22.2265,1639
178,2.417994,22.2308,1639
179,2.514777,22.2309,1639
180,2.401609,22.2358,1639
181,2.495633,22.2358,1639
182,2.378728,22.2408,1640
183,2.454552,22.2408,1640
184,2.351583,22.2464,1640
185,2.450779,22.2464,1640
186,2.327346,22.2507,1640
187,2.416068,22.2508,1640
188,2.312135,22.2564,1640
189,2.395880,22.2564,1640
190,2.290493,22.2607,1640
191,2.365046,22.2608,1640
192,2.266622,22.2663,1640
193,2.360070,22.2664,1640
194,2.249558,22.2707,1640
195,2.319275,22.2707,1640
196,2.232266,22.2757,1640
197,2.299729,22.2757,1640
198,2.214861,22.2807,1640
199,2.271452,22.2807,1640
200,2.184546,22.2863,1640
201,2.266420,22.2863,1640
202,2.161623,22.2913,1640
203,2.242698,22.2913,1640
204,2.150152,22.2956,1640
205,2.228703,22.2957,1640
206,2.118962,22.3012,1640
207,2.196184,22.3013,1640
208,2.103115,22.3062,1640
209,2.198480,22.3063,1640
210,2.082497,22.3112,1640
211,2.168801,22.3113,1640
212,2.069759,22.3156,1640
213,2.152846,22.3156,1640
214,2.051803,22.3206,1640
215,2.125196,22.3206,1640
216,2.028502,22.3262,1640
217,2.122109,22.3263,1640
218,2.005513,22.3312,1640
219,2.091560,22.3312,1640
220,1.988679,22.3355,1640
221,2.069498,22.3356,1640
222,1.973991,22.3405,1640
223,2.040454,22.3406,1640
224,1.947365,22.3461,1640
225,2.035292,22.3462,1640
226,1.922792,22.3511,1640
227,2.006603,22.3512,1640
228,1.907440,22.3561,1640
229,1.986477,22.3562,1640
230,1.888628,22.3605,1640
231,1.953622,22.3605,1640
232,1.866219,22.3661,1640
233,1.950638,22.3662,1640
234,1.840468,22.3711,1640
235,1.920640,22.3711,1640
236,1.827482,22.3755,1640
237,1.902567,22.3755,1640
238,1.811326,22.3804,1640
239,1.867669,22.3805,1640
240,1.783423,22.3861,1640
241,1.864905,22.3861,1640
242,1.764475,22.3910,1640
243,1.844391,22.3911,1640
244,1.753566,22.3960,1640
245,1.820879,22.3961,1640
246,1.737326,22.4004,1640
247,1.795773,22.4004,1640
248,1.708647,22.4060,1640
249,1.786790,22.4061,1640
250,1.688567,22.4110,1640
251,1.761800,22.4110,1640
252,1.673089,22.4154,1640
253,1.749198,22.4154,1640
254,1.664526,22.4204,1640
255,1.719883,22.4204,1640
256,1.645752,22.4260,1640
257,1.716530,22.4260,1640
258,1.617994,22.4310,1640
259,1.692008,22.4310,1640
260,1.607346,22.4359,1640
261,1.675913,22.4360,1640
262,1.599981,22.4409,1640
263,1.646870,22.4410,1640
264,1.575932,22.4459,1640
265,1.643605,22.4460,1640
266,1.555338,22.4509,1640
267,1.619369,22.4510,1640
268,1.537007,22.4553,1640
269,1.604316,22.4553,1640
270,1.526598,22.4603,1640
271,1.578045,22.4603,1640
272,1.507730,22.4659,1640
273,1.573593,22.4659,1640
274,1.490788,22.4709,1640
275,1.550615,22.4709,1640
276,1.469245,22.4752,1640
277,1.536203,22.4753,1640
278,1.464120,22.4802,1640
279,1.508454,22.4803,1640
280,1.443933,22.4859,1640
281,1.505265,22.4859,1640
282,1.427477,22.4908,1640
283,1.483736,22.4909,1640
284,1.410657,22.4958,1640
285,1.466509,22.4959,1640
286,1.409867,22.5002,1640
287,1.447505,22.5002,1640
288,1.382750,22.5058,1640
289,1.447875,22.5059,1640
290,1.365214,22.5108,1640
291,1.419074,22.5108,1640
292,1.351429,22.5152,1640
293,1.403386,22.5152,1640
294,1.343418,22.5202,1640
295,1.382548,22.5202,1640
296,1.333313,22.5252,1640
297,1.379397,22.5252,1640
298,1.314753,22.5308,1640
299,1.359954,22.5308,1640
300,1.299289,22.5358,1640
301,1.344976,22.5358,1640
302,1.299364,22.5401,1640
303,1.321370,22.5402,1640
304,1.280126,22.5458,1640
305,1.324667,22.5458,1640
306,1.266617,22.5501,1640
307,1.304611,22.5501,1640
308,1.247589,22.5551,1640
309,1.289493,22.5551,1640
310,1.245663,22.5601,1640
311,1.270073,22.5601,1640
312,1.232860,22.5651,1640
313,1.270531,22.5651,1640
314,1.217905,22.5701,1640
315,1.251518,22.5701,1640
316,1.199060,22.5751,1640
317,1.238892,22.5751,1640
318,1.195628,22.5807,1640
319,1.217428,22.5807,1640
320,1.180945,22.5857,1640
321,1.213201,22.5857,1640
322,1.168829,22.5907,1640
323,1.200267,22.5907,1640
324,1.150685,22.5951,1640
325,1.189698,22.5951,1640
326,1.151284,22.6001,1640
327,1.163484,22.6001,1640
328,1.131527,22.6050,1640
329,1.161342,22.6051,1640
330,1.120337,22.6100,1640
331,1.148239,22.6101,1640
332,1.104723,22.6150,1640
333,1.132892,22.6150,1640
334,1.101941,22.6200,1640
335,1.111770,22.6200,1640
336,1.091111,22.6256,1640
337,1.111560,22.6257,1640
338,1.076511,22.6306,1640
339,1.095132,22.6306,1640
340,1.057279,22.6356,1640
341,1.078279,22.6356,1640
342,1.057868,22.6400,1640
343,1.067332,22.6400,1640
344,1.042413,22.6450,1640
345,1.059584,22.6450,1640
346,1.037339,22.6500,1640
347,1.053561,22.6500,1640
348,1.006710,22.6550,1640
349,1.031667,22.6550,1640
350,1.011587,22.6600,1640
351,1.013341,22.6600,1640
352,0.997302,22.6650,1640
353,1.011821,22.6650,1640
354,0.993346,22.6706,1640
355,0.997830,22.6706,1640
356,0.966925,22.6756,1640
357,0.983690,22.6756,1640
358,0.964279,22.6799,1640
359,0.962399,22.6799,1640
360,0.950059,22.6849,1640
361,0.961754,22.6849,1640
362,0.945345,22.6899,1640
363,0.947968,22.6899,1640
364,0.923287,22.6949,1640
365,0.932013,22.6949,1640
366,0.920070,22.6999,1640
367,0.915226,22.6999,1640
368,0.906477,22.7049,1640
369,0.912710,22.7049,1640
370,0.900865,22.7099,1640
371,0.900589,22.7099,1640
372,0.869741,22.7155,1640
373,0.883189,22.7155,1640
374,0.878737,22.7199,1640
375,0.862273,22.7199,1640
376,0.867398,22.7255,1640
377,0.868459,22.7255,1640
378,0.861183,22.7299,1640
379,0.849291,22.7299,1640
380,0.831704,22.7349,1640
381,0.833299,22.7349,1640
382,0.838812,22.7399,1641
383,0.818228,22.7399,1641
384,0.822778,22.7449,1641
385,0.813374,22.7449,1641
386,0.814080,22.7499,1641
387,0.803863,22.7498,1641
388,0.786640,22.7548,1641
389,0.782399,22.7548,1641
390,0.790269,22.7598,1641
391,0.762329,22.7598,1641
392,0.778392,22.7655,1641
393,0.761922,22.7655,1641
394,0.778321,22.7698,1641
395,0.750227,22.7698,1641
396,0.745471,22.7748,1641
397,0.734043,22.7748,1641
398,0.745845,22.7798,1641
399,0.716423,22.7798,1641
400,0.732088,22.7848,1641
401,0.710021,22.7848,1641
402,0.727543,22.7898,1641
403,0.700384,22.7898,1641
404,0.702722,22.7948,1641
405,0.686977,22.7948,1641
406,0.702371,22.7998,1641
407,0.662436,22.7998,1641
408,0.687463,22.8048,1641
409,0.662034,22.8048,1641
410,0.679888,22.8104,1641
411,0.644676,22.8104,1641
412,0.651686,22.8148,1641
413,0.622651,22.8147,1641
414,0.654632,22.8198,1641
415,0.612354,22.8197,1641
416,0.545466,22.8247,1641
417,0.615918,22.8247,1641
418,0.526336,22.8297,1641
419,0.594417,22.8297,1641
420,0.516993,22.8347,1641
421,0.568052,22.8347,1641
422,0.502913,22.8397,1641
423,0.545420,22.8397,1641
424,0.496741,22.8447,1641
425,0.547692,22.8447,1641
426,0.485336,22.8497,1641
427,0.538195,22.8497,1641
428,0.470133,22.8547,1641
429,0.512761,22.8547,1641
430,0.465466,22.8597,1641
431,0.491793,22.8597,1641
432,0.452532,22.8646,1641
433,0.492897,22.8647,1641
434,0.438303,22.8696,1641
435,0.478097,22.8697,1641
436,0.427898,22.8746,1641
437,0.455558,22.8746,1641
438,0.413664,22.8790,1641
439,0.439084,22.8790,1641
440,0.399537,22.8846,1641
441,0.435712,22.8846,1641
442,0.391031,22.8896,1641
443,0.424723,22.8896,1641
444,0.383507,22.8946,1641
445,0.404714,22.8946,1641
446,0.370718,22.8990,1641
447,0.390844,22.8990,1641
448,0.359813,22.9046,1641
449,0.386495,22.9046,1641
450,0.347000,22.9096,1641
451,0.381842,22.9096,1641
452,0.339116,22.9146,1641
453,0.358971,22.9146,1641
454,0.328684,22.9189,1641
455,0.345794,22.9190,1641
456,0.317171,22.9246,1641
457,0.342572,22.9246,1641
458,0.305957,22.9296,1641
459,0.335862,22.9296,1641
460,0.297695,22.9339,1641
461,0.316947,22.9339,1641
462,0.284620,22.9389,1641
463,0.300608,22.9389,1641
464,0.278817,22.9439,1641
465,0.292850,22.9439,1641
466,0.261922,22.9495,1641
467,0.285088,22.9495,1641
468,0.252902,22.9545,1641
469,0.267098,22.9545,1641
470,0.243049,22.9595,1641
471,0.249264,22.9595,1641
472,0.228679,22.9645,1641
473,0.241136,22.9645,1641
474,0.218826,22.9695,1641
475,0.240519,22.9695,1641
476,0.209469,22.9739,1641
477,0.221913,22.9739,1641
478,0.197021,22.9789,1641
479,0.199874,22.9789,1641
480,0.186982,22.9839,1641
481,0.195118,22.9839,1641
482,0.172574,22.9888,1641
483,0.190348,22.9889,1641
484,0.166079,22.9938,1641
485,0.169670,22.9939,1641
486,0.150386,22.9995,1641
487,0.153379,22.9995,1641
488,0.140650,23.0045,1641
489,0.144597,23.0045,1641
490,0.131358,23.0095,1641
491,0.142282,23.0095,1641
492,0.114959,23.0138,1641
493,0.123979,23.0138,1641
494,0.107127,23.0188,1641
495,0.108141,23.0188,1641
496,0.097087,23.0238,1641
497,0.098120,23.0238,1641
498,0.089535,23.0288,1641
499,0.094795,23.0288,1641
500,0.078574,23.0338,1641
501,0.076685,23.0338,1641
502,0.065574,23.0388,1641
503,0.056727,23.0388,1641
504,0.058284,23.0444,1641
505,0.048712,23.0444,1641
506,0.047435,23.0494,1641
507,0.050769,23.0494,1641
508,0.035179,23.0538,1641
509,0.030755,23.0538,1641
510,0.026462,23.0588,1641
511,0.013056,23.0588,1641
512,0.016418,23.0638,1641
513,0.006509,23.0638,1641
514,0.006477,23.0688,1641
515,0.005214,23.0688,1641
516,-0.004840,23.0737,1641
517,-0.017840,23.0737,1641
518,-0.016942,23.0787,1641
519,-0.033285,23.0787,1641
520,-0.030002,23.0837,1641
521,-0.043905,23.0837,1641
522,-0.034585,23.0887,1641
523,-0.045560,23.0887,1641
524,-0.051564,23.0943,1641
525,-0.059794,23.0943,1641
526,-0.059733,23.0987,1641
527,-0.082156,23.0987,1641
528,-0.065873,23.1037,1641
529,-0.089581,23.1037,1641
530,-0.078896,23.1087,1641
531,-0.096455,23.1087,1641
532,-0.090662,23.1137,1641
533,-0.109694,23.1137,1641
534,-0.100818,23.1187,1641
535,-0.123096,23.1187,1641
536,-0.111251,23.1237,1641
537,-0.140725,23.1237,1641
538,-0.113262,23.1287,1641
539,-0.139794,23.1287,1641
540,-0.131831,23.1337,1641
541,-0.142104,23.1337,1641
542,-0.131298,23.1387,1641
543,-0.155137,23.1387,1641
544,-0.139762,23.1437,1641
545,-0.171508,23.1436,1641
546,-0.155464,23.1487,1641
547,-0.172308,23.1486,1641
548,-0.159055,23.1537,1641
549,-0.189259,23.1536,1641
550,-0.168941,23.1586,1641
551,-0.196067,23.1586,1641
552,-0.173654,23.1636,1641
553,-0.219626,23.1636,1641
554,-0.182993,23.1686,1641
555,-0.212046,23.1686,1641
556,-0.201478,23.1736,1641
557,-0.234590,23.1736,1641
558,-0.208109,23.1786,1641
559,-0.243914,23.1786,1641
560,-0.210068,23.1836,1641
561,-0.253617,23.1836,1641
562,-0.220327,23.1892,1641
563,-0.253163,23.1892,1641
564,-0.220435,23.1936,1641
565,-0.251704,23.1936,1641
566,-0.219626,23.1986,1641
567,-0.269422,23.1986,1641
568,-0.244003,23.2036,1641
569,-0.266481,23.2036,1641
570,-0.238878,23.2086,1641
571,-0.269918,23.2086,1641
572,-0.257180,23.2136,1641
573,-0.288562,23.2136,1641
574,-0.261870,23.2186,1641
575,-0.296357,23.2186,1641
576,-0.263891,23.2236,1641
577,-0.308885,23.2236,1641
578,-0.269371,23.2286,1641
579,-0.303830,23.2286,1641
580,-0.279878,23.2336,1641
581,-0.307608,23.2336,1641
582,-0.273290,23.2386,1642
583,-0.317082,23.2386,1642
584,-0.318158,23.2436,1642
585,-0.340884,23.2435,1642
586,-0.287660,23.2486,1642
587,-0.328403,23.2486,1642
588,-0.323596,23.2536,1642
589,-0.336198,23.2536,1642
590,-0.317550,23.2586,1642
591,-0.351097,23.2585,1642
592,-0.329507,23.2636,1642
593,-0.360510,23.2635,1642
594,-0.334230,23.2686,1642
595,-0.358036,23.2685,1642
596,-0.336647,23.2736,1642
597,-0.378550,23.2735,1642
598,-0.334950,23.2786,1642
599,-0.406795,23.2785,1642
600,-0.357021,23.2835,1642
601,-0.415913,23.2835,1642
602,-0.353902,23.2885,1642
603,-0.412724,23.2885,1642
604,-0.358962,23.2935,1642
605,-0.419528,23.2935,1642
606,-0.360697,23.2985,1642
607,-0.426205,23.2985,1642
608,-0.365443,23.3035,1642
609,-0.437727,23.3035,1642
610,-0.372093,23.3085,1642
611,-0.428001,23.3085,1642
612,-0.382633,23.3135,1642
613,-0.436540,23.3135,1642
614,-0.378148,23.3185,1642
615,-0.453495,23.3185,1642
616,-0.386088,23.3241,1642
617,-0.479013,23.3241,1642
618,-0.398761,23.3285,1642
619,-0.481941,23.3285,1642
620,-0.415188,23.3335,1642
621,-0.481113,23.3335,1642
622,-0.402123,23.3385,1642
623,-0.493977,23.3385,1642
624,-0.414903,23.3435,1642
625,-0.502909,23.3435,1642
626,-0.417143,23.3485,1642
627,-0.498410,23.3485,1642
628,-0.434889,23.3535,1642
629,-0.501403,23.3535,1642
630,-0.456890,23.3585,1642
631,-0.519500,23.3584,1642
632,-0.430961,23.3635,1642
633,-0.517877,23.3634,1642
634,-0.458106,23.3685,1642
635,-0.526079,23.3684,1642
636,-0.451892,23.3735,1642
637,-0.519289,23.3734,1642
638,-0.444054,23.3785,1642
639,-0.535609,23.3784,1642
640,-0.450615,23.3835,1642
641,-0.548843,23.3834,1642
642,-0.452831,23.3885,1642
643,-0.549535,23.3884,1642
644,-0.480159,23.3935,1642
645,-0.544550,23.3934,1642
646,-0.462095,23.3985,1642
647,-0.554767,23.3984,1642
648,-0.476077,23.4035,1642
649,-0.565452,23.4034,1642
650,-0.492747,23.4085,1642
651,-0.574038,23.4084,1642
652,-0.499378,23.4135,1642
653,-0.580477,23.4134,1642
654,-0.489642,23.4185,1642
655,-0.581824,23.4184,1642
656,-0.502614,23.4235,1642
657,-0.598709,23.4234,1642
658,-0.504877,23.4285,1642
659,-0.601655,23.4284,1642
660,-0.535763,23.4334,1642
661,-0.603325,23.4334,1642
662,-0.516582,23.4384,1642
663,-0.612668,23.4384,1642
664,-0.528085,23.4434,1642
665,-0.624695,23.4434,1642
666,-0.531349,23.4484,1642
667,-0.629348,23.4484,1642
668,-0.556072,23.4534,1642
669,-0.626575,23.4534,1642
670,-0.540276,23.4584,1642
671,-0.633734,23.4584,1642
672,-0.546448,23.4634,1642
673,-0.650802,23.4634,1642
674,-0.553968,23.4684,1642
675,-0.654089,23.4684,1642
676,-0.579981,23.4734,1642
677,-0.644433,23.4734,1642
678,-0.552906,23.4784,1642
679,-0.646322,23.4784,1642
680,-0.560889,23.4834,1642
681,-0.663989,23.4834,1642
682,-0.556371,23.4884,1642
683,-0.668398,23.4884,1642
684,-0.586243,23.4934,1642
685,-0.665046,23.4934,1642
686,-0.573294,23.4984,1642
687,-0.673963,23.4984,1642
688,-0.577709,23.5034,1642
689,-0.688913,23.5033,1642
690,-0.578938,23.5084,1642
691,-0.690746,23.5083,1642
692,-0.610040,23.5134,1642
693,-0.692191,23.5133,1642
694,-0.597639,23.5184,1642
695,-0.700819,23.5183,1642
696,-0.607351,23.5234,1642
697,-0.711279,23.5233,1642
698,-0.601641,23.5290,1642
699,-0.713795,23.5290,1642
700,-0.629105,23.5334,1642
701,-0.714033,23.5333,1642
702,-0.616479,23.5384,1642
703,-0.725958,23.5383,1642
704,-0.626397,23.5434,1642
705,-0.736198,23.5433,1642
706,-0.624134,23.5484,1642
707,-0.743905,23.5483,1642
708,-0.653182,23.5534,1642
709,-0.740023,23.5533,1642
710,-0.640304,23.5584,1642
711,-0.747758,23.5583,1642
712,-0.645967,23.5634,1642
713,-0.762581,23.5633,1642
714,-0.646243,23.5684,1642
715,-0.765705,23.5683,1642
716,-0.673411,23.5734,1642
717,-0.761146,23.5733,1642
718,-0.662198,23.5784,1642
719,-0.771723,23.5783,1642
720,-0.672205,23.5834,1642
721,-0.786547,23.5833,1642
722,-0.669754,23.5884,1642
723,-0.791106,23.5883,1642
724,-0.691270,23.5933,1642
725,-0.784508,23.5933,1642
726,-0.686650,23.5977,1642
727,-0.796951,23.5977,1642
728,-0.693163,23.6033,1642
729,-0.807599,23.6033,1642
730,-0.686827,23.6083,1642
731,-0.813004,23.6083,1642
732,-0.712584,23.6133,1642
733,-0.809100,23.6133,1642
734,-0.706593,23.6183,1642
735,-0.822221,23.6183,1642
736,-0.709918,23.6233,1642
737,-0.827964,23.6233,1642
738,-0.709474,23.6283,1642
739,-0.833556,23.6283,1642
740,-0.731447,23.6333,1642
741,-0.836502,23.6333,1642
742,-0.726668,23.6377,1642
743,-0.840739,23.6376,1642
744,-0.732158,23.6427,1642
745,-0.847435,23.6426,1642
746,-0.726804,23.6483,1642
747,-0.856086,23.6482,1642
748,-0.755333,23.6527,1642
749,-0.852224,23.6526,1642
750,-0.743877,23.6577,1642
751,-0.864545,23.6576,1642
752,-0.752583,23.6627,1642
753,-0.870550,23.6626,1642
754,-0.743077,23.6683,1642
755,-0.876011,23.6682,1642
756,-0.773290,23.6733,1642
757,-0.875759,23.6732,1642
758,-0.765214,23.6783,1642
759,-0.883002,23.6782,1642
760,-0.773776,23.6827,1642
761,-0.891171,23.6826,1642
762,-0.763573,23.6883,1642
763,-0.894870,23.6882,1642
764,-0.791265,23.6927,1642
765,-0.895572,23.6926,1642
766,-0.784695,23.6977,1642
767,-0.901178,23.6976,1642
768,-0.793196,23.7027,1642
769,-0.914029,23.7026,1642
770,-0.779963,23.7083,1642
771,-0.920725,23.7082,1642
772,-0.808875,23.7133,1642
773,-0.910769,23.7132,1642
774,-0.798962,23.7183,1642
775,-0.922427,23.7182,1642
776,-0.808529,23.7233,1642
777,-0.928441,23.7232,1642
778,-0.795647,23.7283,1642
779,-0.934454,23.7282,1642
780,-0.827028,23.7326,1642
781,-0.930096,23.7326,1642
782,-0.812860,23.7376,1643
783,-0.930040,23.7376,1643
784,-0.814454,23.7426,1643
785,-0.937339,23.7426,1643
786,-0.806402,23.7477,1643
787,-0.943624,23.7476,1643
788,-0.830442,23.7526,1643
789,-0.940374,23.7526,1643
790,-0.824480,23.7583,1643
791,-0.946266,23.7582,1643
792,-0.832668,23.7633,1643
793,-0.953977,23.7632,1643
794,-0.821787,23.7683,1643
795,-0.961833,23.7682,1643
796,-0.849806,23.7726,1643
797,-0.956797,23.7726,1643
798,-0.837582,23.7776,1643
799,-0.964938,23.7776,1643
800,-0.848787,23.7826,1643
801,-0.972420,23.7826,1643
802,-0.835618,23.7876,1643
803,-0.976320,23.7875,1643
804,-0.860173,23.7926,1643
805,-0.975506,23.7926,1643
806,-0.855151,23.7976,1643
807,-0.982750,23.7975,1643
808,-0.866874,23.8032,1643
809,-0.992041,23.8032,1643
810,-0.853112,23.8082,1643
811,-0.993865,23.8082,1643
812,-0.880491,23.8126,1643
813,-0.991223,23.8125,1643
814,-0.872439,23.8176,1643
815,-0.996984,23.8175,1643
816,-0.883091,23.8226,1643
817,-1.004213,23.8225,1643
818,-0.864138,23.8276,1643
819,-1.010741,23.8275,1643
820,-0.896745,23.8326,1643
821,-1.005139,23.8325,1643
822,-0.887922,23.8376,1643
823,-1.017704,23.8375,1643
824,-0.899215,23.8426,1643
825,-1.021356,23.8425,1643
826,-0.885457,23.8476,1643
827,-1.022951,23.8475,1643
828,-0.914075,23.8532,1643
829,-1.025953,23.8531,1643
830,-0.900762,23.8576,1643
831,-1.031677,23.8575,1643
832,-0.912223,23.8626,1643
833,-1.035848,23.8625,1643
834,-0.904765,23.8676,1643
835,-1.043881,23.8675,1643
836,-0.924592,23.8726,1643
837,-1.038990,23.8725,1643
838,-0.918892,23.8776,1643
839,-1.048871,23.8775,1643
840,-0.929479,23.8826,1643
841,-1.052065,23.8825,1643
842,-0.914819,23.8876,1643
843,-1.058822,23.8875,1643
844,-0.943891,23.8926,1643
845,-1.055553,23.8925,1643
846,-0.938303,23.8982,1643
847,-1.065967,23.8981,1643
848,-0.945233,23.9026,1643
849,-1.070989,23.9025,1643
850,-0.934131,23.9076,1643
851,-1.075806,23.9075,1643
852,-0.961080,23.9126,1643
853,-1.069049,23.9125,1643
854,-0.950540,23.9176,1643
855,-1.076909,23.9175,1643
856,-0.962759,23.9226,1643
857,-1.085593,23.9225,1643
858,-0.946458,23.9276,1643
859,-1.087702,23.9275,1643
860,-0.974393,23.9326,1643
861,-1.081310,23.9325,1643
862,-0.969072,23.9376,1643
863,-1.086911,23.9375,1643
864,-0.986004,23.9425,1643
865,-1.097886,23.9425,1643
866,-0.962507,23.9476,1643
867,-1.098349,23.9475,1643
868,-0.989759,23.9525,1643
869,-1.096413,23.9525,1643
870,-0.985181,23.9575,1643
871,-1.103886,23.9575,1643
872,-0.991910,23.9619,1643
873,-1.105728,23.9618,1643
874,-0.977162,23.9675,1643
875,-1.111466,23.9675,1643
876,-1.004597,23.9719,1643
877,-1.109235,23.9718,1643
878,-1.000800,23.9769,1643
879,-1.111780,23.9768,1643
880,-1.013589,23.9819,1643
881,-1.114651,23.9818,1643
882,-0.993192,23.9875,1643
883,-1.117835,23.9875,1643
884,-1.019331,23.9919,1643
885,-1.119140,23.9918,1643
886,-1.008679,23.9975,1643
887,-1.120276,23.9975,1643
888,-1.016914,24.0025,1643
889,-1.117227,24.0025,1643
890,-0.993295,24.0075,1643
891,-1.118027,24.0075,1643
892,-1.017372,24.0119,1643
893,-1.118705,24.0118,1643
894,-1.012247,24.0169,1643
895,-1.118396,24.0168,1643
896,-1.020875,24.0219,1643
897,-1.120379,24.0218,1643
898,-1.001903,24.0269,1643
899,-1.124634,24.0268,1643
900,-1.027679,24.0319,1643
901,-1.125312,24.0318,1643
902,-1.027590,24.0369,1643
903,-1.127758,24.0368,1643
904,-1.037517,24.0419,1643
905,-1.132789,24.0418,1643
906,-1.014557,24.0475,1643
907,-1.120622,24.0475,1643
908,-1.018284,24.0525,1643
909,-1.118312,24.0525,1643
910,-1.017283,24.0575,1643
911,-1.117040,24.0575,1643
912,-1.021978,24.0619,1643
913,-1.115740,24.0618,1643
914,-0.975422,24.0669,1643
915,-1.097194,24.0669,1643
916,-0.991957,24.0719,1643
917,-1.096362,24.0719,1643
918,-0.992953,24.0769,1643
919,-1.098766,24.0769,1643
920,-1.005859,24.0819,1643
921,-1.103886,24.0818,1643
922,-0.987468,24.0869,1643
923,-1.105943,24.0868,1643
924,-1.004031,24.0869,1643
925,-1.108450,24.0918,1643
926,-1.002160,24.0975,1643
927,-1.109193,24.0975,1643
928,-1.016769,24.1019,1643
929,-1.111129,24.1018,1643
930,-0.998405,24.1069,1643
931,-1.111143,24.1068,1643
932,-1.013884,24.1119,1643
933,-1.109104,24.1118,1643
934,-0.995347,24.1169,1643
935,-1.086682,24.1169,1643
936,-0.990680,24.1219,1643
937,-1.088796,24.1219,1643
938,-0.972780,24.1269,1643
939,-1.090236,24.1269,1643
940,-0.990685,24.1319,1643
941,-1.090559,24.1319,1643
942,-0.991186,24.1319,1643
943,-1.092687,24.1369,1643
944,-0.980117,24.1369,1643
945,-1.074870,24.1425,1643
946,-0.959476,24.1426,1643
947,-1.076198,24.1475,1643
948,-0.977017,24.1519,1643
949,-1.076975,24.1519,1643
950,-0.979757,24.1569,1643
951,-1.077816,24.1569,1643
952,-0.989568,24.1619,1643
953,-1.081197,24.1619,1643
954,-0.970956,24.1669,1643
955,-1.085139,24.1669,1643
956,-0.987618,24.1719,1643
957,-1.080959,24.1719,1643
958,-0.955478,24.1769,1643
959,-1.053669,24.1769,1643
960,-0.961497,24.1769,1643
961,-1.058611,24.1819,1643
962,-0.944368,24.1819,1643
963,-1.055497,24.1875,1643
964,-0.959588,24.1876,1643
965,-1.055240,24.1919,1643
966,-0.956680,24.1969,1643
967,-1.053757,24.1969,1643
968,-0.967267,24.2019,1643
969,-1.054753,24.2019,1643
970,-0.931270,24.2070,1643
971,-1.025929,24.2069,1643
972,-0.927762,24.2120,1643
973,-1.019486,24.2119,1643
974,-0.926542,24.2170,1643
975,-1.023760,24.2169,1643
976,-0.942651,24.2219,1643
977,-1.024779,24.2219,1643
978,-0.927061,24.2220,1643
979,-1.031672,24.2269,1643
980,-0.942881,24.2269,1643
981,-1.029764,24.2325,1643
982,-0.941295,24.2326,1644
983,-1.032341,24.2369,1644
984,-0.956605,24.2369,1644
985,-1.038995,24.2419,1644
986,-0.941833,24.2469,1644
987,-1.040178,24.2469,1644
988,-0.952331,24.2519,1644
989,-1.040079,24.2519,1644
990,-0.951555,24.2569,1644
991,-1.040453,24.2569,1644
992,-0.932308,24.2620,1644
993,-1.007435,24.2619,1644
994,-0.909886,24.2670,1644
995,-1.008525,24.2669,1644
996,-0.927580,24.2720,1644
997,-1.010283,24.2719,1644
998,-0.924260,24.2720,1644
999,-1.008843,24.2769,1644
1000,-0.938387,24.2770,1644
1001,-1.014417,24.2819,1644
1002,-0.923054,24.2820,1644
1003,-1.014926,24.2869,1644
1004,-0.935034,24.2870,1644
1005,-1.016044,24.2919,1644
1006,-0.934768,24.2969,1644
1007,-1.015848,24.2969,1644
1008,-0.947136,24.3019,1644
1009,-1.020514,24.3019,1644
1010,-0.934538,24.3069,1644
1011,-1.020262,24.3069,1644
1012,-0.943942,24.3119,1644
1013,-1.019369,24.3119,1644
1014,-0.942689,24.3169,1644
1015,-1.016498,24.3169,1644
1016,-0.958550,24.3169,1644
1017,-1.024269,24.3219,1644
1018,-0.943619,24.3219,1644
1019,-1.026042,24.3275,1644
1020,-0.954159,24.3276,1644
1021,-1.023208,24.3319,1644
1022,-0.949811,24.3319,1644
1023,-1.020155,24.3369,1644
1024,-0.963236,24.3419,1644
1025,-1.028843,24.3419,1644
1026,-0.944840,24.3469,1644
1027,-1.027342,24.3469,1644
1028,-0.959565,24.3469,1644
1029,-1.027608,24.3519,1644
1030,-0.955006,24.3519,1644
1031,-0.996568,24.3569,1644
1032,-0.935558,24.3569,1644
1033,-0.989507,24.3619,1644
1034,-0.921749,24.3620,1644
1035,-0.995123,24.3669,1644
1036,-0.936512,24.3669,1644
1037,-1.002867,24.3725,1644
1038,-0.938246,24.3726,1644
1039,-0.999542,24.3769,1644
1040,-0.948015,24.3769,1644
1041,-1.001010,24.3819,1644
1042,-0.932172,24.3819,1644
1043,-1.002722,24.3869,1644
1044,-0.948894,24.3869,1644
1045,-1.011564,24.3919,1644
1046,-0.944283,24.3919,1644
1047,-0.996231,24.3969,1644
1048,-0.926804,24.3970,1644
1049,-0.971662,24.4019,1644
1050,-0.909170,24.4020,1644
1051,-0.975497,24.4069,1644
1052,-0.922521,24.4070,1644
1053,-0.979645,24.4119,1644
1054,-0.919266,24.4120,1644
1055,-0.971424,24.4176,1644
1056,-0.930872,24.4176,1644
1057,-0.976736,24.4219,1644
1058,-0.918139,24.4220,1644
1059,-0.973598,24.4269,1644
1060,-0.921141,24.4270,1644
1061,-0.981019,24.4319,1644
1062,-0.920005,24.4320,1644
1063,-0.967912,24.4369,1644
1064,-0.928571,24.4370,1644
1065,-0.972995,24.4419,1644
1066,-0.916573,24.4420,1644
1067,-0.966374,24.4469,1644
1068,-0.884690,24.4470,1644
1069,-0.935829,24.4519,1644
1070,-0.880337,24.4520,1644
1071,-0.926028,24.4570,1644
1072,-0.891864,24.4570,1644
1073,-0.924026,24.4620,1644
1074,-0.839827,24.4620,1644
1075,-0.890540,24.4676,1644
1076,-0.846322,24.4676,1644
1077,-0.893430,24.4720,1644
1078,-0.844167,24.4720,1644
1079,-0.885509,24.4770,1644
1080,-0.851648,24.4770,1644
1081,-0.866846,24.4820,1644
1082,-0.799864,24.4820,1644
1083,-0.844919,24.4870,1644
1084,-0.805803,24.4870,1644
1085,-0.850816,24.4920,1644
1086,-0.809128,24.4920,1644
1087,-0.842221,24.4970,1644
1088,-0.818747,24.4970,1644
1089,-0.842839,24.5020,1644
1090,-0.806528,24.5020,1644
1091,-0.847229,24.5070,1644
1092,-0.810788,24.5070,1644
1093,-0.854351,24.5126,1644
1094,-0.815254,24.5126,1644
1095,-0.850288,24.5170,1644
1096,-0.827730,24.5170,1644
1097,-0.845677,24.5220,1644
1098,-0.807365,24.5220,1644
1099,-0.837989,24.5270,1644
1100,-0.801651,24.5270,1644
1101,-0.818232,24.5320,1644
1102,-0.779949,24.5320,1644
1103,-0.803474,24.5370,1644
1104,-0.787365,24.5370,1644
1105,-0.806308,24.5420,1644
1106,-0.774580,24.5420,1644
1107,-0.801225,24.5470,1644
1108,-0.779706,24.5470,1644
1109,-0.814033,24.5520,1644
1110,-0.787613,24.5520,1644
1111,-0.805654,24.5576,1644
1112,-0.795488,24.5577,1644
1113,-0.809834,24.5620,1644
1114,-0.755099,24.5621,1644
1115,-0.779088,24.5670,1644
1116,-0.765686,24.5670,1644
1117,-0.789212,24.5720,1644
1118,-0.761188,24.5720,1644
1119,-0.781431,24.5770,1644
1120,-0.776189,24.5770,1644
1121,-0.780005,24.5820,1644
1122,-0.764307,24.5820,1644
1123,-0.775104,24.5870,1644
1124,-0.747201,24.5871,1644
1125,-0.756170,24.5921,1644
1126,-0.736773,24.5921,1644
1127,-0.746883,24.5971,1644
1128,-0.745378,24.5971,1644
1129,-0.749899,24.6021,1644
1130,-0.730732,24.6021,1644
1131,-0.745181,24.6071,1644
1132,-0.737741,24.6071,1644
1133,-0.760781,24.6120,1644
1134,-0.743638,24.6121,1644
1135,-0.748543,24.6171,1644
1136,-0.751812,24.6171,1644
1137,-0.753402,24.6221,1644
1138,-0.741875,24.6221,1644
1139,-0.745906,24.6271,1644
1140,-0.742404,24.6271,1644
1141,-0.765322,24.6320,1644
1142,-0.753126,24.6321,1644
1143,-0.750489,24.6371,1644
1144,-0.761431,24.6370,1644
1145,-0.757040,24.6421,1644
1146,-0.754487,24.6421,1644
1147,-0.748693,24.6471,1644
1148,-0.751765,24.6471,1644
1149,-0.769778,24.6527,1644
1150,-0.759832,24.6527,1644
1151,-0.759098,24.6570,1644
1152,-0.768918,24.6570,1644
1153,-0.760098,24.6621,1644
1154,-0.756105,24.6621,1644
1155,-0.752897,24.6671,1644
1156,-0.762174,24.6671,1644
1157,-0.767388,24.6720,1644
1158,-0.768716,24.6720,1644
1159,-0.759509,24.6771,1644
1160,-0.775871,24.6770,1644
1161,-0.765013,24.6820,1644
1162,-0.766481,24.6820,1644
1163,-0.755969,24.6871,1644
1164,-0.763746,24.6871,1644
1165,-0.771985,24.6920,1644
1166,-0.774800,24.6920,1644
1167,-0.759247,24.6971,1644
1168,-0.780790,24.6970,1644
1169,-0.767543,24.7020,1644
1170,-0.773009,24.7020,1644
1171,-0.752396,24.7071,1644
1172,-0.768941,24.7071,1644
1173,-0.773884,24.7120,1644
1174,-0.781193,24.7120,1644
1175,-0.761094,24.7171,1644
1176,-0.788048,24.7170,1644
1177,-0.764845,24.7220,1644
1178,-0.779345,24.7220,1644
1179,-0.756479,24.7271,1644
1180,-0.779088,24.7270,1644
1181,-0.780066,24.7320,1644
1182,-0.788034,24.7320,1645
1183,-0.765410,24.7370,1645
1184,-0.794702,24.7370,1645
1185,-0.763026,24.7421,1645
1186,-0.785883,24.7420,1645
1187,-0.759027,24.7471,1645
1188,-0.788468,24.7470,1645
1189,-0.779102,24.7520,1645
1190,-0.790138,24.7520,1645
1191,-0.764620,24.7570,1645
1192,-0.795371,24.7570,1645
1193,-0.764826,24.7620,1645
1194,-0.760809,24.7621,1645
1195,-0.714192,24.7671,1645
1196,-0.750325,24.7671,1645
1197,-0.738120,24.7714,1645
1198,-0.751536,24.7714,1645
1199,-0.723675,24.7764,1645
1200,-0.759364,24.7764,1645
1201,-0.730793,24.7814,1645
1202,-0.752602,24.7814,1645
1203,-0.716933,24.7871,1645
1204,-0.755595,24.7871,1645
1205,-0.737255,24.7914,1645
1206,-0.762521,24.7914,1645
1207,-0.728057,24.7971,1645
1208,-0.766556,24.7970,1645
1209,-0.726383,24.8021,1645
1210,-0.754548,24.8021,1645
1211,-0.680468,24.8071,1645
1212,-0.716451,24.8071,1645
1213,-0.695207,24.8115,1645
1214,-0.726823,24.8114,1645
1215,-0.682450,24.8165,1645
1216,-0.732715,24.8164,1645
1217,-0.685953,24.8215,1645
1218,-0.722418,24.8214,1645
1219,-0.676820,24.8271,1645
1220,-0.718195,24.8271,1645
1221,-0.700875,24.8315,1645
1222,-0.734786,24.8314,1645
1223,-0.686598,24.8365,1645
1224,-0.740280,24.8364,1645
1225,-0.689053,24.8421,1645
1226,-0.735595,24.8421,1645
1227,-0.676250,24.8471,1645
1228,-0.725990,24.8471,1645
1229,-0.703376,24.8515,1645
1230,-0.740603,24.8514,1645
1231,-0.691031,24.8565,1645
1232,-0.748249,24.8564,1645
1233,-0.693589,24.8615,1645
1234,-0.741249,24.8614,1645
1235,-0.679079,24.8665,1645
1236,-0.737026,24.8664,1645
1237,-0.704718,24.8715,1645
1238,-0.743624,24.8714,1645
1239,-0.695979,24.8765,1645
1240,-0.754473,24.8764,1645
1241,-0.698069,24.8815,1645
1242,-0.748038,24.8814,1645
1243,-0.664962,24.8871,1645
1244,-0.700627,24.8871,1645
1245,-0.663619,24.8921,1645
1246,-0.709212,24.8921,1645
1247,-0.650657,24.8965,1645
1248,-0.713720,24.8965,1645
1249,-0.657653,24.9015,1645
1250,-0.712191,24.9015,1645
1251,-0.638499,24.9065,1645
1252,-0.707164,24.9065,1645
1253,-0.664676,24.9115,1645
1254,-0.715960,24.9115,1645
1255,-0.656119,24.9165,1645
1256,-0.721380,24.9165,1645
1257,-0.658387,24.9215,1645
1258,-0.714566,24.9215,1645
1259,-0.639481,24.9265,1645
1260,-0.680870,24.9265,1645
1261,-0.620557,24.9321,1645
1262,-0.638896,24.9321,1645
1263,-0.562736,24.9365,1645
1264,-0.631415,24.9365,1645
1265,-0.565396,24.9415,1645
1266,-0.626360,24.9415,1645
1267,-0.532233,24.9466,1645
1268,-0.569320,24.9465,1645
1269,-0.532163,24.9516,1645
1270,-0.583577,24.9515,1645
1271,-0.516909,24.9566,1645
1272,-0.592855,24.9565,1645
1273,-0.524162,24.9616,1645
1274,-0.586888,24.9615,1645
1275,-0.509011,24.9666,1645
1276,-0.517868,24.9666,1645
1277,-0.430549,24.9716,1645
1278,-0.483839,24.9716,1645
1279,-0.440884,24.9766,1645
1280,-0.492471,24.9766,1645
1281,-0.405499,24.9816,1645
1282,-0.496591,24.9816,1645
1283,-0.399121,24.9866,1645
1284,-0.480206,24.9866,1645
1285,-0.446823,24.9916,1645
1286,-0.478321,24.9916,1645
1287,-0.399336,24.9966,1645
1288,-0.500510,24.9966,1645
1289,-0.426042,25.0016,1645
1290,-0.508698,25.0016,1645
1291,-0.404265,25.0066,1645
1292,-0.490830,25.0066,1645
1293,-0.438312,25.0116,1645
1294,-0.500477,25.0116,1645
1295,-0.416932,25.0166,1645
1332,-0.521108,25.1066,1645
1333,-0.420108,25.1116,1645
1334,-0.520725,25.1116,1645
1335,-0.404073,25.1166,1645
1336,-0.530278,25.1166,1645
1337,-0.415422,25.1216,1645
1338,-0.534258,25.1216,1645
1339,-0.401828,25.1266,1645
1340,-0.524704,25.1266,1645
1341,-0.417980,25.1316,1645
1342,-0.520556,25.1316,1645
1343,-0.406799,25.1366,1645
1344,-0.533439,25.1366,1645
1345,-0.416170,25.1410,1645
1346,-0.536647,25.1409,1645
1347,-0.402506,25.1466,1645
1348,-0.529554,25.1466,1645
1349,-0.423124,25.1510,1645
1350,-0.527599,25.1509,1645
1351,-0.406196,25.1566,1645
1352,-0.536741,25.1566,1645
1353,-0.418901,25.1610,1645
1354,-0.537498,25.1609,1645
1355,-0.398190,25.1666,1645
1356,-0.530119,25.1666,1645
1357,-0.420145,25.1716,1645
1358,-0.526144,25.1716,1645
1359,-0.398097,25.1766,1645
1360,-0.537695,25.1766,1645
1404,-0.421786,25.2866,1646
1405,-0.285644,25.2911,1646
1406,-0.365668,25.2910,1646
1407,-0.268983,25.2967,1646
1408,-0.398981,25.2966,1646
1409,-0.292789,25.3011,1646
1410,-0.380037,25.3010,1646
1411,-0.267538,25.3067,1646
1412,-0.336455,25.3067,1646
1413,-0.230704,25.3111,1646
1414,-0.319135,25.3111,1646
1415,-0.217587,25.3167,1646
1416,-0.326500,25.3167,1646
1417,-0.229128,25.3217,1646
1418,-0.327444,25.3217,1646
1419,-0.207388,25.3268,1646
1420,-0.324999,25.3267,1646
1421,-0.230213,25.3311,1646
1422,-0.315071,25.3311,1646
1423,-0.217288,25.3367,1646
1424,-0.323844,25.3367,1646
1425,-0.228852,25.3417,1646
1426,-0.330947,25.3417,1646
1427,-0.207299,25.3468,1646
1428,-0.325869,25.3467,1646
1429,-0.237311,25.3511,1646
1430,-0.321763,25.3511,1646
1431,-0.222759,25.3567,1646
1432,-0.324555,25.3567,1646
1477,-0.062904,25.4718,1646
1478,-0.180458,25.4718,1646
1479,-0.059275,25.4768,1646
1480,-0.186748,25.4768,1646
1481,-0.065532,25.4818,1646
1482,-0.195604,25.4818,1646
1483,-0.047875,25.4868,1646
1484,-0.185770,25.4868,1646
1485,-0.064017,25.4918,1646
1486,-0.183470,25.4918,1646
1487,-0.054856,25.4968,1646
1488,-0.184760,25.4968,1646
1489,-0.067323,25.5018,1646
1490,-0.187374,25.5018,1646
1491,-0.046060,25.5068,1646
1492,-0.189161,25.5068,1646
1493,-0.067084,25.5118,1646
1494,-0.180720,25.5118,1646
1495,-0.057456,25.5168,1646
1496,-0.184760,25.5168,1646
1497,-0.063329,25.5218,1646
1498,-0.189998,25.5218,1646
1499,-0.040533,25.5269,1646
1500,-0.180851,25.5268,1646
1501,-0.060762,25.5318,1646
1502,-0.182179,25.5318,1646
1503,-0.059154,25.5368,1646
1504,-0.178948,25.5368,1646
1505,-0.063025,25.5418,1646
1506,-0.190077,25.5418,1646
1549,0.039411,25.6519,1646
1550,-0.072696,25.6518,1646
1551,0.041202,25.6569,1646
1552,-0.070512,25.6568,1646
1553,0.031242,25.6613,1646
1554,-0.073645,25.6612,1646
1555,0.050989,25.6669,1646
1556,-0.076404,25.6668,1646
1557,0.040701,25.6713,1646
1558,-0.066392,25.6712,1646
1559,0.036675,25.6763,1646
1560,-0.074314,25.6762,1646
1561,0.025654,25.6813,1646
1562,-0.073229,25.6812,1646
1563,0.048796,25.6869,1646
1564,-0.074880,25.6868,1646
1565,0.042025,25.6919,1646
1566,-0.067262,25.6918,1646
1567,0.037882,25.6969,1646
1568,-0.074398,25.6968,1646
1569,0.025915,25.7013,1646
1570,-0.071784,25.7012,1646
1571,0.043507,25.7069,1646
1572,-0.077236,25.7068,1646
1573,0.037073,25.7113,1646
1574,-0.067402,25.7112,1646
1575,0.035258,25.7163,1646
1576,-0.074636,25.7162,1646
1577,0.027510,25.7213,1646
1578,-0.072368,25.7212,1646
1579,0.045438,25.7269,1646
1580,-0.074421,25.7268,1646
1581,0.036853,25.7319,1646
1582,-0.065967,25.7318,1647
1583,0.031690,25.7369,1647
1584,-0.072864,25.7368,1647
1585,0.025027,25.7419,1647
1586,-0.073318,25.7418,1647
1587,0.037882,25.7469,1647
1588,-0.076194,25.7468,1647
1648,-0.060790,25.8962,1647
1649,0.009105,25.9013,1647
1650,-0.067328,25.9012,1647
1651,0.019612,25.9063,1647
1652,-0.063858,25.9062,1647
1653,0.018396,25.9113,1647
1654,-0.056689,25.9112,1647
1655,0.014828,25.9163,1647
1656,-0.061426,25.9162,1647
1657,0.001239,25.9213,1647
1658,-0.062838,25.9212,1647
1659,0.017456,25.9263,1647
1660,-0.062895,25.9262,1647
1661,0.017653,25.9313,1647
1662,-0.051429,25.9312,1647
1663,0.012448,25.9363,1647
1664,-0.063615,25.9362,1647
1665,0.004293,25.9413,1647
1666,-0.057578,25.9412,1647
1667,0.011386,25.9463,1647
1668,-0.067042,25.9462,1647
1669,0.018948,25.9513,1647
1670,-0.056816,25.9512,1647
1671,0.008207,25.9563,1647
1672,-0.061108,25.9562,1647
1673,0.001819,25.9613,1647
1674,-0.062591,25.9612,1647
1675,0.012158,25.9663,1647
1676,-0.057381,25.9662,1647
1677,0.014809,25.9713,1647
1721,-0.008988,26.0812,1647
1722,-0.049647,26.0812,1647
1723,-0.007360,26.0862,1647
1724,-0.051008,26.0862,1647
1725,-0.002642,26.0906,1647
1726,-0.044770,26.0906,1647
1727,-0.003264,26.0962,1647
1728,-0.047206,26.0962,1647
1729,-0.013682,26.1006,1647
1730,-0.049020,26.1006,1647
1731,-0.007543,26.1062,1647
1732,-0.045728,26.1062,1647
1733,-0.004606,26.1106,1647
1734,-0.042993,26.1106,1647
1735,-0.010755,26.1162,1647
1736,-0.044438,26.1162,1647
1737,-0.013748,26.1212,1647
1738,-0.048328,26.1212,1647
1739,-0.010297,26.1262,1647
1740,-0.043727,26.1262,1647
1741,-0.010152,26.1306,1647
1742,-0.045466,26.1306,1647
1743,-0.008520,26.1362,1647
1744,-0.035787,26.1362,1647
1745,-0.021660,26.1406,1647
1746,-0.041618,26.1406,1647
1747,-0.018494,26.1462,1647
1748,-0.042591,26.1462,1647
1749,-0.008492,26.1506,1647
1793,0.037849,26.2613,1648
1794,-0.027407,26.2612,1648
1795,-0.034010,26.2662,1648
1796,-0.026130,26.2662,1648
1797,-0.027112,26.2712,1648
1798,-0.032233,26.2712,1648
1799,-0.026832,26.2762,1648
1800,-0.019635,26.2762,1648
1801,-0.030096,26.2806,1648
1802,-0.023428,26.2806,1648
1803,-0.032036,26.2862,1648
1804,-0.022366,26.2862,1648
1805,-0.025962,26.2906,1648
1806,-0.032074,26.2906,1648
1807,-0.029338,26.2962,1648
1808,-0.022525,26.2962,1648
1809,-0.035347,26.2962,1648
1810,-0.020973,26.3006,1648
1811,-0.037769,26.3006,1648
1812,-0.018892,26.3062,1648
1813,-0.030666,26.3062,1648
1814,-0.028179,26.3112,1648
1815,-0.030521,26.3162,1648
1816,-0.014403,26.3162,1648
1817,-0.035375,26.3212,1648
1818,-0.019055,26.3212,1648
1819,-0.035834,26.3262,1648
1820,-0.020823,26.3262,1648
1821,-0.033481,26.3306,1648
1822,-0.023329,26.3306,1648
1823,-0.034463,26.3362,1648
1824,-0.015081,26.3362,1648
1872,0.003007,26.4563,1648
1873,-0.047229,26.4562,1648
1874,-0.000524,26.4612,1648
1875,-0.050769,26.4612,1648
1876,0.001118,26.4663,1648
1877,-0.049287,26.4662,1648
1878,-0.009343,26.4712,1648
1879,-0.045396,26.4712,1648
1880,0.002820,26.4763,1648
1881,-0.052322,26.4762,1648
1882,0.002413,26.4812,1648
1883,-0.057250,26.4812,1648
1884,0.006561,26.4863,1648
1885,-0.051452,26.4862,1648
1886,-0.003998,26.4912,1648
1887,-0.050797,26.4912,1648
1888,0.004667,26.4963,1648
1889,-0.048684,26.4962,1648
1890,0.004452,26.5012,1648
1891,-0.053037,26.5012,1648
1892,0.013098,26.5063,1648
1893,-0.051803,26.5062,1648
1894,-0.002408,26.5112,1648
1895,-0.051578,26.5112,1648
1896,0.008656,26.5163,1648
1897,-0.057868,26.5162,1648
1898,0.006752,26.5213,1648
1899,-0.059818,26.5212,1648
1900,0.008833,26.5263,1648
1946,0.022076,26.6413,1648
1947,-0.066827,26.6412,1648
1948,0.033884,26.6463,1648
1949,-0.063989,26.6462,1648
1950,0.010157,26.6513,1648
1951,-0.057966,26.6512,1648
1952,0.020042,26.6563,1648
1953,-0.064657,26.6562,1648
1954,0.023732,26.6613,1648
1955,-0.064830,26.6612,1648
1956,0.037928,26.6663,1648
1957,-0.064438,26.6662,1648
1958,0.014632,26.6713,1648
1959,-0.059462,26.6712,1648
1960,0.024901,26.6763,1648
1961,-0.066299,26.6762,1648
1962,0.019696,26.6813,1648
1963,-0.065134,26.6812,1648
1964,0.039855,26.6863,1648
1965,-0.065396,26.6862,1648
1966,0.016137,26.6913,1648
1967,-0.060094,26.6912,1648
1968,0.027781,26.6963,1648
1969,-0.068969,26.6962,1648
1970,0.022198,26.7013,1648
1971,-0.071966,26.7012,1648
1972,0.039631,26.7063,1648
1973,-0.062675,26.7062,1648
1974,0.016946,26.7113,1648
1975,-0.063386,26.7112,1648
2019,-0.075918,26.8212,1649
2020,0.046042,26.8263,1649
2021,-0.069076,26.8262,1649
2022,0.027898,26.8306,1649
2023,-0.061987,26.8306,1649
2024,0.039112,26.8363,1649
2025,-0.073954,26.8362,1649
2026,0.037718,26.8413,1649
2027,-0.077129,26.8412,1649
2028,0.053771,26.8463,1649
2029,-0.073117,26.8462,1649
2030,0.026238,26.8506,1649
2031,-0.062043,26.8506,1649
2032,0.044054,26.8563,1649
2033,-0.070821,26.8562,1649
2034,0.037386,26.8606,1649
2035,-0.078172,26.8606,1649
2036,0.054664,26.8663,1649
2037,-0.075782,26.8662,1649
2038,0.032420,26.8706,1649
2039,-0.062310,26.8706,1649
2040,0.044358,26.8763,1649
2041,-0.067603,26.8762,1649
2042,0.042670,26.8813,1649
2043,-0.073795,26.8812,1649
2044,0.055955,26.8863,1649
2045,-0.070217,26.8862,1649
2046,0.034164,26.8906,1649
2047,-0.065130,26.8906,1649
